 0.00000000e+00  8.60963073e-01  0.00000000e+00  7.68639508e-01 
 1.00000000e-08  8.60963073e-01  1.00000000e-08  7.68639508e-01 
 2.00000000e-08  8.60963073e-01  2.00000000e-08  7.68639508e-01 
 4.00000000e-08  8.60963073e-01  4.00000000e-08  7.68639508e-01 
 8.00000000e-08  8.60963073e-01  8.00000000e-08  7.68639508e-01 
 1.60000000e-07  8.60963073e-01  1.60000000e-07  7.68639508e-01 
 3.20000000e-07  8.60963073e-01  3.20000000e-07  7.68639508e-01 
 6.40000000e-07  8.60963073e-01  6.40000000e-07  7.68639508e-01 
 1.00000000e-06  8.60963073e-01  1.00000000e-06  7.68639508e-01 
 1.00000010e-06  8.60963073e-01  1.00000010e-06  7.68639508e-01 
 1.00000030e-06  8.60963073e-01  1.00000030e-06  7.68639508e-01 
 1.00000070e-06  8.60963073e-01  1.00000070e-06  7.68639508e-01 
 1.00000100e-06  8.60963073e-01  1.00000100e-06  7.68639508e-01 
 1.00000108e-06  8.60963073e-01  1.00000108e-06  7.68639508e-01 
 1.00000124e-06  8.60963073e-01  1.00000124e-06  7.68639508e-01 
 1.00000156e-06  8.60963073e-01  1.00000156e-06  7.68639508e-01 
 1.00000220e-06  8.60963073e-01  1.00000220e-06  7.68639508e-01 
 1.00000348e-06  8.60963073e-01  1.00000348e-06  7.68639508e-01 
 1.00000604e-06  8.60963073e-01  1.00000604e-06  7.68639508e-01 
 1.00001116e-06  8.60963073e-01  1.00001116e-06  7.68639508e-01 
 1.00002140e-06  8.60963073e-01  1.00002140e-06  7.68639508e-01 
 1.00004188e-06  8.60963073e-01  1.00004188e-06  7.68639508e-01 
 1.00008284e-06  8.60963073e-01  1.00008284e-06  7.68639508e-01 
 1.00016476e-06  8.60963073e-01  1.00016476e-06  7.68639508e-01 
 1.00032860e-06  8.60963073e-01  1.00032860e-06  7.68639508e-01 
 1.00065628e-06  8.60963073e-01  1.00065628e-06  7.68639508e-01 
 1.00131164e-06  8.60963073e-01  1.00131164e-06  7.68639508e-01 
 1.00262236e-06  8.60963073e-01  1.00262236e-06  7.68639508e-01 
 1.00524380e-06  8.60963073e-01  1.00524380e-06  7.68639508e-01 
 1.01048668e-06  8.60963073e-01  1.01048668e-06  7.68639508e-01 
 1.02089893e-06  8.60963073e-01  1.02089893e-06  7.68639508e-01 
 1.03908474e-06  8.60963073e-01  1.03908474e-06  7.68639508e-01 
 1.07545636e-06  8.60963073e-01  1.07545636e-06  7.68639508e-01 
 1.13154395e-06  8.60963073e-01  1.13154395e-06  7.68639508e-01 
 1.18994880e-06  8.60963073e-01  1.18994880e-06  7.68639508e-01 
 1.27689309e-06  8.60963073e-01  1.27689309e-06  7.68639508e-01 
 1.37028622e-06  8.60963073e-01  1.37028622e-06  7.68639508e-01 
 1.47012200e-06  8.60963073e-01  1.47012200e-06  7.68639508e-01 
 1.60158009e-06  8.60963073e-01  1.60158009e-06  7.68639508e-01 
 1.74047796e-06  8.60963073e-01  1.74047796e-06  7.68639508e-01 
 2.01827370e-06  8.60963073e-01  2.01827370e-06  7.68639508e-01 
 2.57386519e-06  8.60963073e-01  2.57386519e-06  7.68639508e-01 
 3.57386519e-06  8.60963073e-01  3.57386519e-06  7.68639508e-01 
 4.57386519e-06  8.60963073e-01  4.57386519e-06  7.68639508e-01 
 5.57386519e-06  8.60963073e-01  5.57386519e-06  7.68639508e-01 
 6.57386519e-06  8.60963073e-01  6.57386519e-06  7.68639508e-01 
 7.57386519e-06  8.60963073e-01  7.57386519e-06  7.68639508e-01 
 8.57386519e-06  8.60963073e-01  8.57386519e-06  7.68639508e-01 
 9.57386519e-06  8.60963073e-01  9.57386519e-06  7.68639508e-01 
 1.05738652e-05  8.60963073e-01  1.05738652e-05  7.68639508e-01 
 1.15738652e-05  8.60963073e-01  1.15738652e-05  7.68639508e-01 
 1.25738652e-05  8.60963073e-01  1.25738652e-05  7.68639508e-01 
 1.35738652e-05  8.60963073e-01  1.35738652e-05  7.68639508e-01 
 1.45738652e-05  8.60963073e-01  1.45738652e-05  7.68639508e-01 
 1.55738652e-05  8.60963073e-01  1.55738652e-05  7.68639508e-01 
 1.65738652e-05  8.60963073e-01  1.65738652e-05  7.68639508e-01 
 1.75738652e-05  8.60963073e-01  1.75738652e-05  7.68639508e-01 
 1.85738652e-05  8.60963073e-01  1.85738652e-05  7.68639508e-01 
 1.95738652e-05  8.60963073e-01  1.95738652e-05  7.68639508e-01 
 2.05738652e-05  8.60963073e-01  2.05738652e-05  7.68639508e-01 
 2.15738652e-05  8.60963073e-01  2.15738652e-05  7.68639508e-01 
 2.25738652e-05  8.60963073e-01  2.25738652e-05  7.68639508e-01 
 2.35738652e-05  8.60963073e-01  2.35738652e-05  7.68639508e-01 
 2.45738652e-05  8.60963073e-01  2.45738652e-05  7.68639508e-01 
 2.55738652e-05  8.60963073e-01  2.55738652e-05  7.68639508e-01 
 2.65738652e-05  8.60963073e-01  2.65738652e-05  7.68639508e-01 
 2.75738652e-05  8.60963073e-01  2.75738652e-05  7.68639508e-01 
 2.85738652e-05  8.60963073e-01  2.85738652e-05  7.68639508e-01 
 2.95738652e-05  8.60963073e-01  2.95738652e-05  7.68639508e-01 
 3.05738652e-05  8.60963073e-01  3.05738652e-05  7.68639508e-01 
 3.15738652e-05  8.60963073e-01  3.15738652e-05  7.68639508e-01 
 3.25738652e-05  8.60963073e-01  3.25738652e-05  7.68639508e-01 
 3.35738652e-05  8.60963073e-01  3.35738652e-05  7.68639508e-01 
 3.45738652e-05  8.60963073e-01  3.45738652e-05  7.68639508e-01 
 3.55738652e-05  8.60963073e-01  3.55738652e-05  7.68639508e-01 
 3.65738652e-05  8.60963073e-01  3.65738652e-05  7.68639508e-01 
 3.75738652e-05  8.60963073e-01  3.75738652e-05  7.68639508e-01 
 3.85738652e-05  8.60963073e-01  3.85738652e-05  7.68639508e-01 
 3.95738652e-05  8.60963073e-01  3.95738652e-05  7.68639508e-01 
 4.05738652e-05  8.60963073e-01  4.05738652e-05  7.68639508e-01 
 4.15738652e-05  8.60963073e-01  4.15738652e-05  7.68639508e-01 
 4.25738652e-05  8.60963073e-01  4.25738652e-05  7.68639508e-01 
 4.35738652e-05  8.60963073e-01  4.35738652e-05  7.68639508e-01 
 4.45738652e-05  8.60963073e-01  4.45738652e-05  7.68639508e-01 
 4.55738652e-05  8.60963073e-01  4.55738652e-05  7.68639508e-01 
 4.65738652e-05  8.60963073e-01  4.65738652e-05  7.68639508e-01 
 4.75738652e-05  8.60963073e-01  4.75738652e-05  7.68639508e-01 
 4.85738652e-05  8.60963073e-01  4.85738652e-05  7.68639508e-01 
 4.95738652e-05  8.60963073e-01  4.95738652e-05  7.68639508e-01 
 5.05738652e-05  8.60963073e-01  5.05738652e-05  7.68639508e-01 
 5.15738652e-05  8.60963073e-01  5.15738652e-05  7.68639508e-01 
 5.25738652e-05  8.60963073e-01  5.25738652e-05  7.68639508e-01 
 5.35738652e-05  8.60963073e-01  5.35738652e-05  7.68639508e-01 
 5.45738652e-05  8.60963073e-01  5.45738652e-05  7.68639508e-01 
 5.55738652e-05  8.60963073e-01  5.55738652e-05  7.68639508e-01 
 5.65738652e-05  8.60963073e-01  5.65738652e-05  7.68639508e-01 
 5.75738652e-05  8.60963073e-01  5.75738652e-05  7.68639508e-01 
 5.85738652e-05  8.60963073e-01  5.85738652e-05  7.68639508e-01 
 5.95738652e-05  8.60963073e-01  5.95738652e-05  7.68639508e-01 
 6.05738652e-05  8.60963073e-01  6.05738652e-05  7.68639508e-01 
 6.15738652e-05  8.60963073e-01  6.15738652e-05  7.68639508e-01 
 6.25738652e-05  8.60963073e-01  6.25738652e-05  7.68639508e-01 
 6.35738652e-05  8.60963073e-01  6.35738652e-05  7.68639508e-01 
 6.45738652e-05  8.60963073e-01  6.45738652e-05  7.68639508e-01 
 6.55738652e-05  8.60963073e-01  6.55738652e-05  7.68639508e-01 
 6.65738652e-05  8.60963073e-01  6.65738652e-05  7.68639508e-01 
 6.75738652e-05  8.60963073e-01  6.75738652e-05  7.68639508e-01 
 6.85738652e-05  8.60963073e-01  6.85738652e-05  7.68639508e-01 
 6.95738652e-05  8.60963073e-01  6.95738652e-05  7.68639508e-01 
 7.05738652e-05  8.60963073e-01  7.05738652e-05  7.68639508e-01 
 7.15738652e-05  8.60963073e-01  7.15738652e-05  7.68639508e-01 
 7.25738652e-05  8.60963073e-01  7.25738652e-05  7.68639508e-01 
 7.35738652e-05  8.60963073e-01  7.35738652e-05  7.68639508e-01 
 7.45738652e-05  8.60963073e-01  7.45738652e-05  7.68639508e-01 
 7.55738652e-05  8.60963073e-01  7.55738652e-05  7.68639508e-01 
 7.65738652e-05  8.60963073e-01  7.65738652e-05  7.68639508e-01 
 7.75738652e-05  8.60963073e-01  7.75738652e-05  7.68639508e-01 
 7.85738652e-05  8.60963073e-01  7.85738652e-05  7.68639508e-01 
 7.95738652e-05  8.60963073e-01  7.95738652e-05  7.68639508e-01 
 8.05738652e-05  8.60963073e-01  8.05738652e-05  7.68639508e-01 
 8.15738652e-05  8.60963073e-01  8.15738652e-05  7.68639508e-01 
 8.25738652e-05  8.60963073e-01  8.25738652e-05  7.68639508e-01 
 8.35738652e-05  8.60963073e-01  8.35738652e-05  7.68639508e-01 
 8.45738652e-05  8.60963073e-01  8.45738652e-05  7.68639508e-01 
 8.55738652e-05  8.60963073e-01  8.55738652e-05  7.68639508e-01 
 8.65738652e-05  8.60963073e-01  8.65738652e-05  7.68639508e-01 
 8.75738652e-05  8.60963073e-01  8.75738652e-05  7.68639508e-01 
 8.85738652e-05  8.60963073e-01  8.85738652e-05  7.68639508e-01 
 8.95738652e-05  8.60963073e-01  8.95738652e-05  7.68639508e-01 
 9.05738652e-05  8.60963073e-01  9.05738652e-05  7.68639508e-01 
 9.15738652e-05  8.60963073e-01  9.15738652e-05  7.68639508e-01 
 9.25738652e-05  8.60963073e-01  9.25738652e-05  7.68639508e-01 
 9.35738652e-05  8.60963073e-01  9.35738652e-05  7.68639508e-01 
 9.45738652e-05  8.60963073e-01  9.45738652e-05  7.68639508e-01 
 9.55738652e-05  8.60963073e-01  9.55738652e-05  7.68639508e-01 
 9.65738652e-05  8.60963073e-01  9.65738652e-05  7.68639508e-01 
 9.75738652e-05  8.60963073e-01  9.75738652e-05  7.68639508e-01 
 9.85738652e-05  8.60963073e-01  9.85738652e-05  7.68639508e-01 
 9.95738652e-05  8.60963073e-01  9.95738652e-05  7.68639508e-01 
 1.00573865e-04  8.60963073e-01  1.00573865e-04  7.68639508e-01 
 1.01573865e-04  8.60963073e-01  1.01573865e-04  7.68639508e-01 
 1.02573865e-04  8.60963073e-01  1.02573865e-04  7.68639508e-01 
 1.03573865e-04  8.60963073e-01  1.03573865e-04  7.68639508e-01 
 1.04573865e-04  8.60963073e-01  1.04573865e-04  7.68639508e-01 
 1.05573865e-04  8.60963073e-01  1.05573865e-04  7.68639508e-01 
 1.06573865e-04  8.60963073e-01  1.06573865e-04  7.68639508e-01 
 1.07573865e-04  8.60963073e-01  1.07573865e-04  7.68639508e-01 
 1.08573865e-04  8.60963073e-01  1.08573865e-04  7.68639508e-01 
 1.09573865e-04  8.60963073e-01  1.09573865e-04  7.68639508e-01 
 1.10573865e-04  8.60963073e-01  1.10573865e-04  7.68639508e-01 
 1.11573865e-04  8.60963073e-01  1.11573865e-04  7.68639508e-01 
 1.12573865e-04  8.60963073e-01  1.12573865e-04  7.68639508e-01 
 1.13573865e-04  8.60963073e-01  1.13573865e-04  7.68639508e-01 
 1.14573865e-04  8.60963073e-01  1.14573865e-04  7.68639508e-01 
 1.15573865e-04  8.60963073e-01  1.15573865e-04  7.68639508e-01 
 1.16573865e-04  8.60963073e-01  1.16573865e-04  7.68639508e-01 
 1.17573865e-04  8.60963073e-01  1.17573865e-04  7.68639508e-01 
 1.18573865e-04  8.60963073e-01  1.18573865e-04  7.68639508e-01 
 1.19573865e-04  8.60963073e-01  1.19573865e-04  7.68639508e-01 
 1.20573865e-04  8.60963073e-01  1.20573865e-04  7.68639508e-01 
 1.21573865e-04  8.60963073e-01  1.21573865e-04  7.68639508e-01 
 1.22573865e-04  8.60963073e-01  1.22573865e-04  7.68639508e-01 
 1.23573865e-04  8.60963073e-01  1.23573865e-04  7.68639508e-01 
 1.24573865e-04  8.60963073e-01  1.24573865e-04  7.68639508e-01 
 1.25573865e-04  8.60963073e-01  1.25573865e-04  7.68639508e-01 
 1.26573865e-04  8.60963073e-01  1.26573865e-04  7.68639508e-01 
 1.27573865e-04  8.60963073e-01  1.27573865e-04  7.68639508e-01 
 1.28573865e-04  8.60963073e-01  1.28573865e-04  7.68639508e-01 
 1.29573865e-04  8.60963073e-01  1.29573865e-04  7.68639508e-01 
 1.30573865e-04  8.60963073e-01  1.30573865e-04  7.68639508e-01 
 1.31573865e-04  8.60963073e-01  1.31573865e-04  7.68639508e-01 
 1.32573865e-04  8.60963073e-01  1.32573865e-04  7.68639508e-01 
 1.33573865e-04  8.60963073e-01  1.33573865e-04  7.68639508e-01 
 1.34573865e-04  8.60963073e-01  1.34573865e-04  7.68639508e-01 
 1.35573865e-04  8.60963073e-01  1.35573865e-04  7.68639508e-01 
 1.36573865e-04  8.60963073e-01  1.36573865e-04  7.68639508e-01 
 1.37573865e-04  8.60963073e-01  1.37573865e-04  7.68639508e-01 
 1.38573865e-04  8.60963073e-01  1.38573865e-04  7.68639508e-01 
 1.39573865e-04  8.60963073e-01  1.39573865e-04  7.68639508e-01 
 1.40573865e-04  8.60963073e-01  1.40573865e-04  7.68639508e-01 
 1.41573865e-04  8.60963073e-01  1.41573865e-04  7.68639508e-01 
 1.42573865e-04  8.60963073e-01  1.42573865e-04  7.68639508e-01 
 1.43573865e-04  8.60963073e-01  1.43573865e-04  7.68639508e-01 
 1.44573865e-04  8.60963073e-01  1.44573865e-04  7.68639508e-01 
 1.45573865e-04  8.60963073e-01  1.45573865e-04  7.68639508e-01 
 1.46573865e-04  8.60963073e-01  1.46573865e-04  7.68639508e-01 
 1.47573865e-04  8.60963073e-01  1.47573865e-04  7.68639508e-01 
 1.48573865e-04  8.60963073e-01  1.48573865e-04  7.68639508e-01 
 1.49573865e-04  8.60963073e-01  1.49573865e-04  7.68639508e-01 
 1.50573865e-04  8.60963073e-01  1.50573865e-04  7.68639508e-01 
 1.51573865e-04  8.60963073e-01  1.51573865e-04  7.68639508e-01 
 1.52573865e-04  8.60963073e-01  1.52573865e-04  7.68639508e-01 
 1.53573865e-04  8.60963073e-01  1.53573865e-04  7.68639508e-01 
 1.54573865e-04  8.60963073e-01  1.54573865e-04  7.68639508e-01 
 1.55573865e-04  8.60963073e-01  1.55573865e-04  7.68639508e-01 
 1.56573865e-04  8.60963073e-01  1.56573865e-04  7.68639508e-01 
 1.57573865e-04  8.60963073e-01  1.57573865e-04  7.68639508e-01 
 1.58573865e-04  8.60963073e-01  1.58573865e-04  7.68639508e-01 
 1.59573865e-04  8.60963073e-01  1.59573865e-04  7.68639508e-01 
 1.60573865e-04  8.60963073e-01  1.60573865e-04  7.68639508e-01 
 1.61573865e-04  8.60963073e-01  1.61573865e-04  7.68639508e-01 
 1.62573865e-04  8.60963073e-01  1.62573865e-04  7.68639508e-01 
 1.63573865e-04  8.60963073e-01  1.63573865e-04  7.68639508e-01 
 1.64573865e-04  8.60963073e-01  1.64573865e-04  7.68639508e-01 
 1.65573865e-04  8.60963073e-01  1.65573865e-04  7.68639508e-01 
 1.66573865e-04  8.60963073e-01  1.66573865e-04  7.68639508e-01 
 1.67573865e-04  8.60963073e-01  1.67573865e-04  7.68639508e-01 
 1.68573865e-04  8.60963073e-01  1.68573865e-04  7.68639508e-01 
 1.69573865e-04  8.60963073e-01  1.69573865e-04  7.68639508e-01 
 1.70573865e-04  8.60963073e-01  1.70573865e-04  7.68639508e-01 
 1.71573865e-04  8.60963073e-01  1.71573865e-04  7.68639508e-01 
 1.72573865e-04  8.60963073e-01  1.72573865e-04  7.68639508e-01 
 1.73573865e-04  8.60963073e-01  1.73573865e-04  7.68639508e-01 
 1.74573865e-04  8.60963073e-01  1.74573865e-04  7.68639508e-01 
 1.75573865e-04  8.60963073e-01  1.75573865e-04  7.68639508e-01 
 1.76573865e-04  8.60963073e-01  1.76573865e-04  7.68639508e-01 
 1.77573865e-04  8.60963073e-01  1.77573865e-04  7.68639508e-01 
 1.78573865e-04  8.60963073e-01  1.78573865e-04  7.68639508e-01 
 1.79573865e-04  8.60963073e-01  1.79573865e-04  7.68639508e-01 
 1.80573865e-04  8.60963073e-01  1.80573865e-04  7.68639508e-01 
 1.81573865e-04  8.60963073e-01  1.81573865e-04  7.68639508e-01 
 1.82573865e-04  8.60963073e-01  1.82573865e-04  7.68639508e-01 
 1.83573865e-04  8.60963073e-01  1.83573865e-04  7.68639508e-01 
 1.84573865e-04  8.60963073e-01  1.84573865e-04  7.68639508e-01 
 1.85573865e-04  8.60963073e-01  1.85573865e-04  7.68639508e-01 
 1.86573865e-04  8.60963073e-01  1.86573865e-04  7.68639508e-01 
 1.87573865e-04  8.60963073e-01  1.87573865e-04  7.68639508e-01 
 1.88573865e-04  8.60963073e-01  1.88573865e-04  7.68639508e-01 
 1.89573865e-04  8.60963073e-01  1.89573865e-04  7.68639508e-01 
 1.90573865e-04  8.60963073e-01  1.90573865e-04  7.68639508e-01 
 1.91573865e-04  8.60963073e-01  1.91573865e-04  7.68639508e-01 
 1.92573865e-04  8.60963073e-01  1.92573865e-04  7.68639508e-01 
 1.93573865e-04  8.60963073e-01  1.93573865e-04  7.68639508e-01 
 1.94573865e-04  8.60963073e-01  1.94573865e-04  7.68639508e-01 
 1.95573865e-04  8.60963073e-01  1.95573865e-04  7.68639508e-01 
 1.96573865e-04  8.60963073e-01  1.96573865e-04  7.68639508e-01 
 1.97573865e-04  8.60963073e-01  1.97573865e-04  7.68639508e-01 
 1.98573865e-04  8.60963073e-01  1.98573865e-04  7.68639508e-01 
 1.99573865e-04  8.60963073e-01  1.99573865e-04  7.68639508e-01 
 2.00573865e-04  8.60963073e-01  2.00573865e-04  7.68639508e-01 
 2.01000001e-04  8.60963073e-01  2.01000001e-04  7.68639508e-01 
 2.01000001e-04  8.60963073e-01  2.01000001e-04  7.68639508e-01 
 2.01000001e-04  8.60963073e-01  2.01000001e-04  7.68639508e-01 
 2.01000002e-04  8.60963073e-01  2.01000002e-04  7.68639508e-01 
 2.01000002e-04  8.60963073e-01  2.01000002e-04  7.68639508e-01 
 2.01000002e-04  8.60963073e-01  2.01000002e-04  7.68639508e-01 
 2.01000002e-04  8.60963073e-01  2.01000002e-04  7.68639508e-01 
 2.01000003e-04  8.60963073e-01  2.01000003e-04  7.68639508e-01 
 2.01000003e-04  8.60963073e-01  2.01000003e-04  7.68639508e-01 
 2.01000004e-04  8.60963073e-01  2.01000004e-04  7.68639508e-01 
 2.01000007e-04  8.60963073e-01  2.01000007e-04  7.68639508e-01 
 2.01000012e-04  8.60963073e-01  2.01000012e-04  7.68639508e-01 
 2.01000022e-04  8.60963073e-01  2.01000022e-04  7.68639508e-01 
 2.01000043e-04  8.60963073e-01  2.01000043e-04  7.68639508e-01 
 2.01000084e-04  8.60963073e-01  2.01000084e-04  7.68639508e-01 
 2.01000166e-04  8.60963073e-01  2.01000166e-04  7.68639508e-01 
 2.01000330e-04  8.60963073e-01  2.01000330e-04  7.68639508e-01 
 2.01000657e-04  8.60963073e-01  2.01000657e-04  7.68639508e-01 
 2.01001313e-04  8.60963073e-01  2.01001313e-04  7.68639508e-01 
 2.01002623e-04  8.60963073e-01  2.01002623e-04  7.68639508e-01 
 2.01005245e-04  8.60963073e-01  2.01005245e-04  7.68639508e-01 
 2.01010445e-04  8.60963073e-01  2.01010445e-04  7.68639508e-01 
 2.01019182e-04  8.60963073e-01  2.01019182e-04  7.68639508e-01 
 2.01034155e-04  8.60963073e-01  2.01034155e-04  7.68639508e-01 
 2.01063086e-04  8.60963073e-01  2.01063086e-04  7.68639508e-01 
 2.01117512e-04  8.60963073e-01  2.01117512e-04  7.68639508e-01 
 2.01189271e-04  8.60963073e-01  2.01189271e-04  7.68639508e-01 
 2.01292198e-04  8.60963073e-01  2.01292198e-04  7.68639508e-01 
 2.01447578e-04  8.60963073e-01  2.01447578e-04  7.68639508e-01 
 2.01610154e-04  8.60963073e-01  2.01610154e-04  7.68639508e-01 
 2.01779843e-04  8.60963073e-01  2.01779843e-04  7.68639508e-01 
 2.01819663e-04  8.60963073e-01  2.01819663e-04  7.68639508e-01 
 2.01899304e-04  8.60963073e-01  2.01899304e-04  7.68639508e-01 
 2.02058585e-04  8.60963073e-01  2.02058585e-04  7.68639508e-01 
 2.02346087e-04  8.60963073e-01  2.02346087e-04  7.68639508e-01 
 2.02639917e-04  8.60963073e-01  2.02639917e-04  7.68639508e-01 
 2.03227579e-04  8.60963073e-01  2.03227579e-04  7.68639508e-01 
 2.04177496e-04  8.60963073e-01  2.04177496e-04  7.68639508e-01 
 2.05177496e-04  8.60963073e-01  2.05177496e-04  7.68639508e-01 
 2.06177496e-04  8.60963073e-01  2.06177496e-04  7.68639508e-01 
 2.07177496e-04  8.60963073e-01  2.07177496e-04  7.68639508e-01 
 2.08177496e-04  8.60963073e-01  2.08177496e-04  7.68639508e-01 
 2.09177496e-04  8.60963073e-01  2.09177496e-04  7.68639508e-01 
 2.10177496e-04  8.60963073e-01  2.10177496e-04  7.68639508e-01 
 2.11177496e-04  8.60963073e-01  2.11177496e-04  7.68639508e-01 
 2.12177496e-04  8.60963073e-01  2.12177496e-04  7.68639508e-01 
 2.13177496e-04  8.60963073e-01  2.13177496e-04  7.68639508e-01 
 2.14177496e-04  8.60963073e-01  2.14177496e-04  7.68639508e-01 
 2.15177496e-04  8.60963073e-01  2.15177496e-04  7.68639508e-01 
 2.16177496e-04  8.60963073e-01  2.16177496e-04  7.68639508e-01 
 2.17177496e-04  8.60963073e-01  2.17177496e-04  7.68639508e-01 
 2.18177496e-04  8.60963073e-01  2.18177496e-04  7.68639508e-01 
 2.19177496e-04  8.60963073e-01  2.19177496e-04  7.68639508e-01 
 2.20177496e-04  8.60963073e-01  2.20177496e-04  7.68639508e-01 
 2.21177496e-04  8.60963073e-01  2.21177496e-04  7.68639508e-01 
 2.22177496e-04  8.60963073e-01  2.22177496e-04  7.68639508e-01 
 2.23177496e-04  8.60963073e-01  2.23177496e-04  7.68639508e-01 
 2.24177496e-04  8.60963073e-01  2.24177496e-04  7.68639508e-01 
 2.25177496e-04  8.60963073e-01  2.25177496e-04  7.68639508e-01 
 2.26177496e-04  8.60963073e-01  2.26177496e-04  7.68639508e-01 
 2.27177496e-04  8.60963073e-01  2.27177496e-04  7.68639508e-01 
 2.28177496e-04  8.60963073e-01  2.28177496e-04  7.68639508e-01 
 2.29177496e-04  8.60963073e-01  2.29177496e-04  7.68639508e-01 
 2.30177496e-04  8.60963073e-01  2.30177496e-04  7.68639508e-01 
 2.31177496e-04  8.60963073e-01  2.31177496e-04  7.68639508e-01 
 2.32177496e-04  8.60963073e-01  2.32177496e-04  7.68639508e-01 
 2.33177496e-04  8.60963073e-01  2.33177496e-04  7.68639508e-01 
 2.34177496e-04  8.60963073e-01  2.34177496e-04  7.68639508e-01 
 2.35177496e-04  8.60963073e-01  2.35177496e-04  7.68639508e-01 
 2.36177496e-04  8.60963073e-01  2.36177496e-04  7.68639508e-01 
 2.37177496e-04  8.60963073e-01  2.37177496e-04  7.68639508e-01 
 2.38177496e-04  8.60963073e-01  2.38177496e-04  7.68639508e-01 
 2.39177496e-04  8.60963073e-01  2.39177496e-04  7.68639508e-01 
 2.40177496e-04  8.60963073e-01  2.40177496e-04  7.68639508e-01 
 2.41177496e-04  8.60963073e-01  2.41177496e-04  7.68639508e-01 
 2.42177496e-04  8.60963073e-01  2.42177496e-04  7.68639508e-01 
 2.43177496e-04  8.60963073e-01  2.43177496e-04  7.68639508e-01 
 2.44177496e-04  8.60963073e-01  2.44177496e-04  7.68639508e-01 
 2.45177496e-04  8.60963073e-01  2.45177496e-04  7.68639508e-01 
 2.46177496e-04  8.60963073e-01  2.46177496e-04  7.68639508e-01 
 2.47177496e-04  8.60963073e-01  2.47177496e-04  7.68639508e-01 
 2.48177496e-04  8.60963073e-01  2.48177496e-04  7.68639508e-01 
 2.49177496e-04  8.60963073e-01  2.49177496e-04  7.68639508e-01 
 2.50177496e-04  8.60963073e-01  2.50177496e-04  7.68639508e-01 
 2.51177496e-04  8.60963073e-01  2.51177496e-04  7.68639508e-01 
 2.52177496e-04  8.60963073e-01  2.52177496e-04  7.68639508e-01 
 2.53177496e-04  8.60963073e-01  2.53177496e-04  7.68639508e-01 
 2.54177496e-04  8.60963073e-01  2.54177496e-04  7.68639508e-01 
 2.55177496e-04  8.60963073e-01  2.55177496e-04  7.68639508e-01 
 2.56177496e-04  8.60963073e-01  2.56177496e-04  7.68639508e-01 
 2.57177496e-04  8.60963073e-01  2.57177496e-04  7.68639508e-01 
 2.58177496e-04  8.60963073e-01  2.58177496e-04  7.68639508e-01 
 2.59177496e-04  8.60963073e-01  2.59177496e-04  7.68639508e-01 
 2.60177496e-04  8.60963073e-01  2.60177496e-04  7.68639508e-01 
 2.61177496e-04  8.60963073e-01  2.61177496e-04  7.68639508e-01 
 2.62177496e-04  8.60963073e-01  2.62177496e-04  7.68639508e-01 
 2.63177496e-04  8.60963073e-01  2.63177496e-04  7.68639508e-01 
 2.64177496e-04  8.60963073e-01  2.64177496e-04  7.68639508e-01 
 2.65177496e-04  8.60963073e-01  2.65177496e-04  7.68639508e-01 
 2.66177496e-04  8.60963073e-01  2.66177496e-04  7.68639508e-01 
 2.67177496e-04  8.60963073e-01  2.67177496e-04  7.68639508e-01 
 2.68177496e-04  8.60963073e-01  2.68177496e-04  7.68639508e-01 
 2.69177496e-04  8.60963073e-01  2.69177496e-04  7.68639508e-01 
 2.70177496e-04  8.60963073e-01  2.70177496e-04  7.68639508e-01 
 2.71177496e-04  8.60963073e-01  2.71177496e-04  7.68639508e-01 
 2.72177496e-04  8.60963073e-01  2.72177496e-04  7.68639508e-01 
 2.73177496e-04  8.60963073e-01  2.73177496e-04  7.68639508e-01 
 2.74177496e-04  8.60963073e-01  2.74177496e-04  7.68639508e-01 
 2.75177496e-04  8.60963073e-01  2.75177496e-04  7.68639508e-01 
 2.76177496e-04  8.60963073e-01  2.76177496e-04  7.68639508e-01 
 2.77177496e-04  8.60963073e-01  2.77177496e-04  7.68639508e-01 
 2.78177496e-04  8.60963073e-01  2.78177496e-04  7.68639508e-01 
 2.79177496e-04  8.60963073e-01  2.79177496e-04  7.68639508e-01 
 2.80177496e-04  8.60963073e-01  2.80177496e-04  7.68639508e-01 
 2.81177496e-04  8.60963073e-01  2.81177496e-04  7.68639508e-01 
 2.82177496e-04  8.60963073e-01  2.82177496e-04  7.68639508e-01 
 2.83177496e-04  8.60963073e-01  2.83177496e-04  7.68639508e-01 
 2.84177496e-04  8.60963073e-01  2.84177496e-04  7.68639508e-01 
 2.85177496e-04  8.60963073e-01  2.85177496e-04  7.68639508e-01 
 2.86177496e-04  8.60963073e-01  2.86177496e-04  7.68639508e-01 
 2.87177496e-04  8.60963073e-01  2.87177496e-04  7.68639508e-01 
 2.88177496e-04  8.60963073e-01  2.88177496e-04  7.68639508e-01 
 2.89177496e-04  8.60963073e-01  2.89177496e-04  7.68639508e-01 
 2.90177496e-04  8.60963073e-01  2.90177496e-04  7.68639508e-01 
 2.91177496e-04  8.60963073e-01  2.91177496e-04  7.68639508e-01 
 2.92177496e-04  8.60963073e-01  2.92177496e-04  7.68639508e-01 
 2.93177496e-04  8.60963073e-01  2.93177496e-04  7.68639508e-01 
 2.94177496e-04  8.60963073e-01  2.94177496e-04  7.68639508e-01 
 2.95177496e-04  8.60963073e-01  2.95177496e-04  7.68639508e-01 
 2.96177496e-04  8.60963073e-01  2.96177496e-04  7.68639508e-01 
 2.97177496e-04  8.60963073e-01  2.97177496e-04  7.68639508e-01 
 2.98177496e-04  8.60963073e-01  2.98177496e-04  7.68639508e-01 
 2.99177496e-04  8.60963073e-01  2.99177496e-04  7.68639508e-01 
 3.00177496e-04  8.60963073e-01  3.00177496e-04  7.68639508e-01 
 3.01177496e-04  8.60963073e-01  3.01177496e-04  7.68639508e-01 
 3.02177496e-04  8.60963073e-01  3.02177496e-04  7.68639508e-01 
 3.03177496e-04  8.60963073e-01  3.03177496e-04  7.68639508e-01 
 3.04177496e-04  8.60963073e-01  3.04177496e-04  7.68639508e-01 
 3.05177496e-04  8.60963073e-01  3.05177496e-04  7.68639508e-01 
 3.06177496e-04  8.60963073e-01  3.06177496e-04  7.68639508e-01 
 3.07177496e-04  8.60963073e-01  3.07177496e-04  7.68639508e-01 
 3.08177496e-04  8.60963073e-01  3.08177496e-04  7.68639508e-01 
 3.09177496e-04  8.60963073e-01  3.09177496e-04  7.68639508e-01 
 3.10177496e-04  8.60963073e-01  3.10177496e-04  7.68639508e-01 
 3.11177496e-04  8.60963073e-01  3.11177496e-04  7.68639508e-01 
 3.12177496e-04  8.60963073e-01  3.12177496e-04  7.68639508e-01 
 3.13177496e-04  8.60963073e-01  3.13177496e-04  7.68639508e-01 
 3.14177496e-04  8.60963073e-01  3.14177496e-04  7.68639508e-01 
 3.15177496e-04  8.60963073e-01  3.15177496e-04  7.68639508e-01 
 3.16177496e-04  8.60963073e-01  3.16177496e-04  7.68639508e-01 
 3.17177496e-04  8.60963073e-01  3.17177496e-04  7.68639508e-01 
 3.18177496e-04  8.60963073e-01  3.18177496e-04  7.68639508e-01 
 3.19177496e-04  8.60963073e-01  3.19177496e-04  7.68639508e-01 
 3.20177496e-04  8.60963073e-01  3.20177496e-04  7.68639508e-01 
 3.21177496e-04  8.60963073e-01  3.21177496e-04  7.68639508e-01 
 3.22177496e-04  8.60963073e-01  3.22177496e-04  7.68639508e-01 
 3.23177496e-04  8.60963073e-01  3.23177496e-04  7.68639508e-01 
 3.24177496e-04  8.60963073e-01  3.24177496e-04  7.68639508e-01 
 3.25177496e-04  8.60963073e-01  3.25177496e-04  7.68639508e-01 
 3.26177496e-04  8.60963073e-01  3.26177496e-04  7.68639508e-01 
 3.27177496e-04  8.60963073e-01  3.27177496e-04  7.68639508e-01 
 3.28177496e-04  8.60963073e-01  3.28177496e-04  7.68639508e-01 
 3.29177496e-04  8.60963073e-01  3.29177496e-04  7.68639508e-01 
 3.30177496e-04  8.60963073e-01  3.30177496e-04  7.68639508e-01 
 3.31177496e-04  8.60963073e-01  3.31177496e-04  7.68639508e-01 
 3.32177496e-04  8.60963073e-01  3.32177496e-04  7.68639508e-01 
 3.33177496e-04  8.60963073e-01  3.33177496e-04  7.68639508e-01 
 3.34177496e-04  8.60963073e-01  3.34177496e-04  7.68639508e-01 
 3.35177496e-04  8.60963073e-01  3.35177496e-04  7.68639508e-01 
 3.36177496e-04  8.60963073e-01  3.36177496e-04  7.68639508e-01 
 3.37177496e-04  8.60963073e-01  3.37177496e-04  7.68639508e-01 
 3.38177496e-04  8.60963073e-01  3.38177496e-04  7.68639508e-01 
 3.39177496e-04  8.60963073e-01  3.39177496e-04  7.68639508e-01 
 3.40177496e-04  8.60963073e-01  3.40177496e-04  7.68639508e-01 
 3.41177496e-04  8.60963073e-01  3.41177496e-04  7.68639508e-01 
 3.42177496e-04  8.60963073e-01  3.42177496e-04  7.68639508e-01 
 3.43177496e-04  8.60963073e-01  3.43177496e-04  7.68639508e-01 
 3.44177496e-04  8.60963073e-01  3.44177496e-04  7.68639508e-01 
 3.45177496e-04  8.60963073e-01  3.45177496e-04  7.68639508e-01 
 3.46177496e-04  8.60963073e-01  3.46177496e-04  7.68639508e-01 
 3.47177496e-04  8.60963073e-01  3.47177496e-04  7.68639508e-01 
 3.48177496e-04  8.60963073e-01  3.48177496e-04  7.68639508e-01 
 3.49177496e-04  8.60963073e-01  3.49177496e-04  7.68639508e-01 
 3.50177496e-04  8.60963073e-01  3.50177496e-04  7.68639508e-01 
 3.51177496e-04  8.60963073e-01  3.51177496e-04  7.68639508e-01 
 3.52177496e-04  8.60963073e-01  3.52177496e-04  7.68639508e-01 
 3.53177496e-04  8.60963073e-01  3.53177496e-04  7.68639508e-01 
 3.54177496e-04  8.60963073e-01  3.54177496e-04  7.68639508e-01 
 3.55177496e-04  8.60963073e-01  3.55177496e-04  7.68639508e-01 
 3.56177496e-04  8.60963073e-01  3.56177496e-04  7.68639508e-01 
 3.57177496e-04  8.60963073e-01  3.57177496e-04  7.68639508e-01 
 3.58177496e-04  8.60963073e-01  3.58177496e-04  7.68639508e-01 
 3.59177496e-04  8.60963073e-01  3.59177496e-04  7.68639508e-01 
 3.60177496e-04  8.60963073e-01  3.60177496e-04  7.68639508e-01 
 3.61177496e-04  8.60963073e-01  3.61177496e-04  7.68639508e-01 
 3.62177496e-04  8.60963073e-01  3.62177496e-04  7.68639508e-01 
 3.63177496e-04  8.60963073e-01  3.63177496e-04  7.68639508e-01 
 3.64177496e-04  8.60963073e-01  3.64177496e-04  7.68639508e-01 
 3.65177496e-04  8.60963073e-01  3.65177496e-04  7.68639508e-01 
 3.66177496e-04  8.60963073e-01  3.66177496e-04  7.68639508e-01 
 3.67177496e-04  8.60963073e-01  3.67177496e-04  7.68639508e-01 
 3.68177496e-04  8.60963073e-01  3.68177496e-04  7.68639508e-01 
 3.69177496e-04  8.60963073e-01  3.69177496e-04  7.68639508e-01 
 3.70177496e-04  8.60963073e-01  3.70177496e-04  7.68639508e-01 
 3.71177496e-04  8.60963073e-01  3.71177496e-04  7.68639508e-01 
 3.72177496e-04  8.60963073e-01  3.72177496e-04  7.68639508e-01 
 3.73177496e-04  8.60963073e-01  3.73177496e-04  7.68639508e-01 
 3.74177496e-04  8.60963073e-01  3.74177496e-04  7.68639508e-01 
 3.75177496e-04  8.60963073e-01  3.75177496e-04  7.68639508e-01 
 3.76177496e-04  8.60963073e-01  3.76177496e-04  7.68639508e-01 
 3.77177496e-04  8.60963073e-01  3.77177496e-04  7.68639508e-01 
 3.78177496e-04  8.60963073e-01  3.78177496e-04  7.68639508e-01 
 3.79177496e-04  8.60963073e-01  3.79177496e-04  7.68639508e-01 
 3.80177496e-04  8.60963073e-01  3.80177496e-04  7.68639508e-01 
 3.81177496e-04  8.60963073e-01  3.81177496e-04  7.68639508e-01 
 3.82177496e-04  8.60963073e-01  3.82177496e-04  7.68639508e-01 
 3.83177496e-04  8.60963073e-01  3.83177496e-04  7.68639508e-01 
 3.84177496e-04  8.60963073e-01  3.84177496e-04  7.68639508e-01 
 3.85177496e-04  8.60963073e-01  3.85177496e-04  7.68639508e-01 
 3.86177496e-04  8.60963073e-01  3.86177496e-04  7.68639508e-01 
 3.87177496e-04  8.60963073e-01  3.87177496e-04  7.68639508e-01 
 3.88177496e-04  8.60963073e-01  3.88177496e-04  7.68639508e-01 
 3.89177496e-04  8.60963073e-01  3.89177496e-04  7.68639508e-01 
 3.90177496e-04  8.60963073e-01  3.90177496e-04  7.68639508e-01 
 3.91177496e-04  8.60963073e-01  3.91177496e-04  7.68639508e-01 
 3.92177496e-04  8.60963073e-01  3.92177496e-04  7.68639508e-01 
 3.93177496e-04  8.60963073e-01  3.93177496e-04  7.68639508e-01 
 3.94177496e-04  8.60963073e-01  3.94177496e-04  7.68639508e-01 
 3.95177496e-04  8.60963073e-01  3.95177496e-04  7.68639508e-01 
 3.96177496e-04  8.60963073e-01  3.96177496e-04  7.68639508e-01 
 3.97177496e-04  8.60963073e-01  3.97177496e-04  7.68639508e-01 
 3.98177496e-04  8.60963073e-01  3.98177496e-04  7.68639508e-01 
 3.99177496e-04  8.60963073e-01  3.99177496e-04  7.68639508e-01 
 4.00177496e-04  8.60963073e-01  4.00177496e-04  7.68639508e-01 
 4.01000000e-04  8.60963073e-01  4.01000000e-04  7.68639508e-01 
