 0.00000000e+00  6.55888237e-01  0.00000000e+00  6.16522811e-01 
 1.00000000e-08  6.55888237e-01  1.00000000e-08  6.16522811e-01 
 2.00000000e-08  6.55888237e-01  2.00000000e-08  6.16522811e-01 
 4.00000000e-08  6.55888237e-01  4.00000000e-08  6.16522811e-01 
 8.00000000e-08  6.55888237e-01  8.00000000e-08  6.16522811e-01 
 1.60000000e-07  6.55888237e-01  1.60000000e-07  6.16522811e-01 
 3.20000000e-07  6.55888237e-01  3.20000000e-07  6.16522811e-01 
 6.40000000e-07  6.55888237e-01  6.40000000e-07  6.16522811e-01 
 1.00000000e-06  6.55888237e-01  1.00000000e-06  6.16522811e-01 
 1.00000010e-06  6.55888237e-01  1.00000010e-06  6.16522811e-01 
 1.00000030e-06  6.55888237e-01  1.00000030e-06  6.16522811e-01 
 1.00000070e-06  6.55888237e-01  1.00000070e-06  6.16522811e-01 
 1.00000100e-06  6.55888237e-01  1.00000100e-06  6.16522811e-01 
 1.00000108e-06  6.55888237e-01  1.00000108e-06  6.16522811e-01 
 1.00000124e-06  6.55888237e-01  1.00000124e-06  6.16522811e-01 
 1.00000156e-06  6.55888237e-01  1.00000156e-06  6.16522811e-01 
 1.00000220e-06  6.55888237e-01  1.00000220e-06  6.16522811e-01 
 1.00000348e-06  6.55888237e-01  1.00000348e-06  6.16522811e-01 
 1.00000604e-06  6.55888237e-01  1.00000604e-06  6.16522811e-01 
 1.00001116e-06  6.55888237e-01  1.00001116e-06  6.16522811e-01 
 1.00002140e-06  6.55888237e-01  1.00002140e-06  6.16522811e-01 
 1.00004188e-06  6.55888237e-01  1.00004188e-06  6.16522811e-01 
 1.00008284e-06  6.55888237e-01  1.00008284e-06  6.16522811e-01 
 1.00016476e-06  6.55888237e-01  1.00016476e-06  6.16522811e-01 
 1.00032860e-06  6.55888237e-01  1.00032860e-06  6.16522811e-01 
 1.00065628e-06  6.55888237e-01  1.00065628e-06  6.16522811e-01 
 1.00131164e-06  6.55888237e-01  1.00131164e-06  6.16522811e-01 
 1.00262236e-06  6.55888237e-01  1.00262236e-06  6.16522811e-01 
 1.00500329e-06  6.55888237e-01  1.00500329e-06  6.16522811e-01 
 1.00943391e-06  6.55888237e-01  1.00943391e-06  6.16522811e-01 
 1.01786703e-06  6.55888237e-01  1.01786703e-06  6.16522811e-01 
 1.03292845e-06  6.55888237e-01  1.03292845e-06  6.16522811e-01 
 1.05715197e-06  6.55888237e-01  1.05715197e-06  6.16522811e-01 
 1.08694918e-06  6.55888237e-01  1.08694918e-06  6.16522811e-01 
 1.13426324e-06  6.55888237e-01  1.13426324e-06  6.16522811e-01 
 1.22889135e-06  6.55888237e-01  1.22889135e-06  6.16522811e-01 
 1.35425918e-06  6.55888237e-01  1.35425918e-06  6.16522811e-01 
 1.37813764e-06  6.55888237e-01  1.37813764e-06  6.16522811e-01 
 1.42589456e-06  6.55888237e-01  1.42589456e-06  6.16522811e-01 
 1.52140839e-06  6.55888237e-01  1.52140839e-06  6.16522811e-01 
 1.60394167e-06  6.55888237e-01  1.60394167e-06  6.16522811e-01 
 1.69878584e-06  6.55888237e-01  1.69878584e-06  6.16522811e-01 
 1.80742888e-06  6.55888237e-01  1.80742888e-06  6.16522811e-01 
 1.92047615e-06  6.55888237e-01  1.92047615e-06  6.16522811e-01 
 2.09521148e-06  6.55888237e-01  2.09521148e-06  6.16522811e-01 
 2.27327311e-06  6.55888237e-01  2.27327311e-06  6.16522811e-01 
 2.51381447e-06  6.55888237e-01  2.51381447e-06  6.16522811e-01 
 2.91089846e-06  6.55888237e-01  2.91089846e-06  6.16522811e-01 
 3.70506643e-06  6.55888237e-01  3.70506643e-06  6.16522811e-01 
 4.70506643e-06  6.55888237e-01  4.70506643e-06  6.16522811e-01 
 5.70506643e-06  6.55888237e-01  5.70506643e-06  6.16522811e-01 
 6.70506643e-06  6.55888237e-01  6.70506643e-06  6.16522811e-01 
 7.70506643e-06  6.55888237e-01  7.70506643e-06  6.16522811e-01 
 8.70506643e-06  6.55888237e-01  8.70506643e-06  6.16522811e-01 
 9.70506643e-06  6.55888237e-01  9.70506643e-06  6.16522811e-01 
 1.07050664e-05  6.55888237e-01  1.07050664e-05  6.16522811e-01 
 1.17050664e-05  6.55888237e-01  1.17050664e-05  6.16522811e-01 
 1.27050664e-05  6.55888237e-01  1.27050664e-05  6.16522811e-01 
 1.37050664e-05  6.55888237e-01  1.37050664e-05  6.16522811e-01 
 1.47050664e-05  6.55888237e-01  1.47050664e-05  6.16522811e-01 
 1.57050664e-05  6.55888237e-01  1.57050664e-05  6.16522811e-01 
 1.67050664e-05  6.55888237e-01  1.67050664e-05  6.16522811e-01 
 1.77050664e-05  6.55888237e-01  1.77050664e-05  6.16522811e-01 
 1.87050664e-05  6.55888237e-01  1.87050664e-05  6.16522811e-01 
 1.97050664e-05  6.55888237e-01  1.97050664e-05  6.16522811e-01 
 2.07050664e-05  6.55888237e-01  2.07050664e-05  6.16522811e-01 
 2.17050664e-05  6.55888237e-01  2.17050664e-05  6.16522811e-01 
 2.27050664e-05  6.55888237e-01  2.27050664e-05  6.16522811e-01 
 2.37050664e-05  6.55888237e-01  2.37050664e-05  6.16522811e-01 
 2.47050664e-05  6.55888237e-01  2.47050664e-05  6.16522811e-01 
 2.57050664e-05  6.55888237e-01  2.57050664e-05  6.16522811e-01 
 2.67050664e-05  6.55888237e-01  2.67050664e-05  6.16522811e-01 
 2.77050664e-05  6.55888237e-01  2.77050664e-05  6.16522811e-01 
 2.87050664e-05  6.55888237e-01  2.87050664e-05  6.16522811e-01 
 2.97050664e-05  6.55888237e-01  2.97050664e-05  6.16522811e-01 
 3.07050664e-05  6.55888237e-01  3.07050664e-05  6.16522811e-01 
 3.17050664e-05  6.55888237e-01  3.17050664e-05  6.16522811e-01 
 3.27050664e-05  6.55888237e-01  3.27050664e-05  6.16522811e-01 
 3.37050664e-05  6.55888237e-01  3.37050664e-05  6.16522811e-01 
 3.47050664e-05  6.55888237e-01  3.47050664e-05  6.16522811e-01 
 3.57050664e-05  6.55888237e-01  3.57050664e-05  6.16522811e-01 
 3.67050664e-05  6.55888237e-01  3.67050664e-05  6.16522811e-01 
 3.77050664e-05  6.55888237e-01  3.77050664e-05  6.16522811e-01 
 3.87050664e-05  6.55888237e-01  3.87050664e-05  6.16522811e-01 
 3.97050664e-05  6.55888237e-01  3.97050664e-05  6.16522811e-01 
 4.07050664e-05  6.55888237e-01  4.07050664e-05  6.16522811e-01 
 4.17050664e-05  6.55888237e-01  4.17050664e-05  6.16522811e-01 
 4.27050664e-05  6.55888237e-01  4.27050664e-05  6.16522811e-01 
 4.37050664e-05  6.55888237e-01  4.37050664e-05  6.16522811e-01 
 4.47050664e-05  6.55888237e-01  4.47050664e-05  6.16522811e-01 
 4.57050664e-05  6.55888237e-01  4.57050664e-05  6.16522811e-01 
 4.67050664e-05  6.55888237e-01  4.67050664e-05  6.16522811e-01 
 4.77050664e-05  6.55888237e-01  4.77050664e-05  6.16522811e-01 
 4.87050664e-05  6.55888237e-01  4.87050664e-05  6.16522811e-01 
 4.97050664e-05  6.55888237e-01  4.97050664e-05  6.16522811e-01 
 5.07050664e-05  6.55888237e-01  5.07050664e-05  6.16522811e-01 
 5.17050664e-05  6.55888237e-01  5.17050664e-05  6.16522811e-01 
 5.27050664e-05  6.55888237e-01  5.27050664e-05  6.16522811e-01 
 5.37050664e-05  6.55888237e-01  5.37050664e-05  6.16522811e-01 
 5.47050664e-05  6.55888237e-01  5.47050664e-05  6.16522811e-01 
 5.57050664e-05  6.55888237e-01  5.57050664e-05  6.16522811e-01 
 5.67050664e-05  6.55888237e-01  5.67050664e-05  6.16522811e-01 
 5.77050664e-05  6.55888237e-01  5.77050664e-05  6.16522811e-01 
 5.87050664e-05  6.55888237e-01  5.87050664e-05  6.16522811e-01 
 5.97050664e-05  6.55888237e-01  5.97050664e-05  6.16522811e-01 
 6.07050664e-05  6.55888237e-01  6.07050664e-05  6.16522811e-01 
 6.17050664e-05  6.55888237e-01  6.17050664e-05  6.16522811e-01 
 6.27050664e-05  6.55888237e-01  6.27050664e-05  6.16522811e-01 
 6.37050664e-05  6.55888237e-01  6.37050664e-05  6.16522811e-01 
 6.47050664e-05  6.55888237e-01  6.47050664e-05  6.16522811e-01 
 6.57050664e-05  6.55888237e-01  6.57050664e-05  6.16522811e-01 
 6.67050664e-05  6.55888237e-01  6.67050664e-05  6.16522811e-01 
 6.77050664e-05  6.55888237e-01  6.77050664e-05  6.16522811e-01 
 6.87050664e-05  6.55888237e-01  6.87050664e-05  6.16522811e-01 
 6.97050664e-05  6.55888237e-01  6.97050664e-05  6.16522811e-01 
 7.07050664e-05  6.55888237e-01  7.07050664e-05  6.16522811e-01 
 7.17050664e-05  6.55888237e-01  7.17050664e-05  6.16522811e-01 
 7.27050664e-05  6.55888237e-01  7.27050664e-05  6.16522811e-01 
 7.37050664e-05  6.55888237e-01  7.37050664e-05  6.16522811e-01 
 7.47050664e-05  6.55888237e-01  7.47050664e-05  6.16522811e-01 
 7.57050664e-05  6.55888237e-01  7.57050664e-05  6.16522811e-01 
 7.67050664e-05  6.55888237e-01  7.67050664e-05  6.16522811e-01 
 7.77050664e-05  6.55888237e-01  7.77050664e-05  6.16522811e-01 
 7.87050664e-05  6.55888237e-01  7.87050664e-05  6.16522811e-01 
 7.97050664e-05  6.55888237e-01  7.97050664e-05  6.16522811e-01 
 8.07050664e-05  6.55888237e-01  8.07050664e-05  6.16522811e-01 
 8.17050664e-05  6.55888237e-01  8.17050664e-05  6.16522811e-01 
 8.27050664e-05  6.55888237e-01  8.27050664e-05  6.16522811e-01 
 8.37050664e-05  6.55888237e-01  8.37050664e-05  6.16522811e-01 
 8.47050664e-05  6.55888237e-01  8.47050664e-05  6.16522811e-01 
 8.57050664e-05  6.55888237e-01  8.57050664e-05  6.16522811e-01 
 8.67050664e-05  6.55888237e-01  8.67050664e-05  6.16522811e-01 
 8.77050664e-05  6.55888237e-01  8.77050664e-05  6.16522811e-01 
 8.87050664e-05  6.55888237e-01  8.87050664e-05  6.16522811e-01 
 8.97050664e-05  6.55888237e-01  8.97050664e-05  6.16522811e-01 
 9.07050664e-05  6.55888237e-01  9.07050664e-05  6.16522811e-01 
 9.17050664e-05  6.55888237e-01  9.17050664e-05  6.16522811e-01 
 9.27050664e-05  6.55888237e-01  9.27050664e-05  6.16522811e-01 
 9.37050664e-05  6.55888237e-01  9.37050664e-05  6.16522811e-01 
 9.47050664e-05  6.55888237e-01  9.47050664e-05  6.16522811e-01 
 9.57050664e-05  6.55888237e-01  9.57050664e-05  6.16522811e-01 
 9.67050664e-05  6.55888237e-01  9.67050664e-05  6.16522811e-01 
 9.77050664e-05  6.55888237e-01  9.77050664e-05  6.16522811e-01 
 9.87050664e-05  6.55888237e-01  9.87050664e-05  6.16522811e-01 
 9.97050664e-05  6.55888237e-01  9.97050664e-05  6.16522811e-01 
 1.00705066e-04  6.55888237e-01  1.00705066e-04  6.16522811e-01 
 1.01705066e-04  6.55888237e-01  1.01705066e-04  6.16522811e-01 
 1.02705066e-04  6.55888237e-01  1.02705066e-04  6.16522811e-01 
 1.03705066e-04  6.55888237e-01  1.03705066e-04  6.16522811e-01 
 1.04705066e-04  6.55888237e-01  1.04705066e-04  6.16522811e-01 
 1.05705066e-04  6.55888237e-01  1.05705066e-04  6.16522811e-01 
 1.06705066e-04  6.55888237e-01  1.06705066e-04  6.16522811e-01 
 1.07705066e-04  6.55888237e-01  1.07705066e-04  6.16522811e-01 
 1.08705066e-04  6.55888237e-01  1.08705066e-04  6.16522811e-01 
 1.09705066e-04  6.55888237e-01  1.09705066e-04  6.16522811e-01 
 1.10705066e-04  6.55888237e-01  1.10705066e-04  6.16522811e-01 
 1.11705066e-04  6.55888237e-01  1.11705066e-04  6.16522811e-01 
 1.12705066e-04  6.55888237e-01  1.12705066e-04  6.16522811e-01 
 1.13705066e-04  6.55888237e-01  1.13705066e-04  6.16522811e-01 
 1.14705066e-04  6.55888237e-01  1.14705066e-04  6.16522811e-01 
 1.15705066e-04  6.55888237e-01  1.15705066e-04  6.16522811e-01 
 1.16705066e-04  6.55888237e-01  1.16705066e-04  6.16522811e-01 
 1.17705066e-04  6.55888237e-01  1.17705066e-04  6.16522811e-01 
 1.18705066e-04  6.55888237e-01  1.18705066e-04  6.16522811e-01 
 1.19705066e-04  6.55888237e-01  1.19705066e-04  6.16522811e-01 
 1.20705066e-04  6.55888237e-01  1.20705066e-04  6.16522811e-01 
 1.21705066e-04  6.55888237e-01  1.21705066e-04  6.16522811e-01 
 1.22705066e-04  6.55888237e-01  1.22705066e-04  6.16522811e-01 
 1.23705066e-04  6.55888237e-01  1.23705066e-04  6.16522811e-01 
 1.24705066e-04  6.55888237e-01  1.24705066e-04  6.16522811e-01 
 1.25705066e-04  6.55888237e-01  1.25705066e-04  6.16522811e-01 
 1.26705066e-04  6.55888237e-01  1.26705066e-04  6.16522811e-01 
 1.27705066e-04  6.55888237e-01  1.27705066e-04  6.16522811e-01 
 1.28705066e-04  6.55888237e-01  1.28705066e-04  6.16522811e-01 
 1.29705066e-04  6.55888237e-01  1.29705066e-04  6.16522811e-01 
 1.30705066e-04  6.55888237e-01  1.30705066e-04  6.16522811e-01 
 1.31705066e-04  6.55888237e-01  1.31705066e-04  6.16522811e-01 
 1.32705066e-04  6.55888237e-01  1.32705066e-04  6.16522811e-01 
 1.33705066e-04  6.55888237e-01  1.33705066e-04  6.16522811e-01 
 1.34705066e-04  6.55888237e-01  1.34705066e-04  6.16522811e-01 
 1.35705066e-04  6.55888237e-01  1.35705066e-04  6.16522811e-01 
 1.36705066e-04  6.55888237e-01  1.36705066e-04  6.16522811e-01 
 1.37705066e-04  6.55888237e-01  1.37705066e-04  6.16522811e-01 
 1.38705066e-04  6.55888237e-01  1.38705066e-04  6.16522811e-01 
 1.39705066e-04  6.55888237e-01  1.39705066e-04  6.16522811e-01 
 1.40705066e-04  6.55888237e-01  1.40705066e-04  6.16522811e-01 
 1.41705066e-04  6.55888237e-01  1.41705066e-04  6.16522811e-01 
 1.42705066e-04  6.55888237e-01  1.42705066e-04  6.16522811e-01 
 1.43705066e-04  6.55888237e-01  1.43705066e-04  6.16522811e-01 
 1.44705066e-04  6.55888237e-01  1.44705066e-04  6.16522811e-01 
 1.45705066e-04  6.55888237e-01  1.45705066e-04  6.16522811e-01 
 1.46705066e-04  6.55888237e-01  1.46705066e-04  6.16522811e-01 
 1.47705066e-04  6.55888237e-01  1.47705066e-04  6.16522811e-01 
 1.48705066e-04  6.55888237e-01  1.48705066e-04  6.16522811e-01 
 1.49705066e-04  6.55888237e-01  1.49705066e-04  6.16522811e-01 
 1.50705066e-04  6.55888237e-01  1.50705066e-04  6.16522811e-01 
 1.51705066e-04  6.55888237e-01  1.51705066e-04  6.16522811e-01 
 1.52705066e-04  6.55888237e-01  1.52705066e-04  6.16522811e-01 
 1.53705066e-04  6.55888237e-01  1.53705066e-04  6.16522811e-01 
 1.54705066e-04  6.55888237e-01  1.54705066e-04  6.16522811e-01 
 1.55705066e-04  6.55888237e-01  1.55705066e-04  6.16522811e-01 
 1.56705066e-04  6.55888237e-01  1.56705066e-04  6.16522811e-01 
 1.57705066e-04  6.55888237e-01  1.57705066e-04  6.16522811e-01 
 1.58705066e-04  6.55888237e-01  1.58705066e-04  6.16522811e-01 
 1.59705066e-04  6.55888237e-01  1.59705066e-04  6.16522811e-01 
 1.60705066e-04  6.55888237e-01  1.60705066e-04  6.16522811e-01 
 1.61705066e-04  6.55888237e-01  1.61705066e-04  6.16522811e-01 
 1.62705066e-04  6.55888237e-01  1.62705066e-04  6.16522811e-01 
 1.63705066e-04  6.55888237e-01  1.63705066e-04  6.16522811e-01 
 1.64705066e-04  6.55888237e-01  1.64705066e-04  6.16522811e-01 
 1.65705066e-04  6.55888237e-01  1.65705066e-04  6.16522811e-01 
 1.66705066e-04  6.55888237e-01  1.66705066e-04  6.16522811e-01 
 1.67705066e-04  6.55888237e-01  1.67705066e-04  6.16522811e-01 
 1.68705066e-04  6.55888237e-01  1.68705066e-04  6.16522811e-01 
 1.69705066e-04  6.55888237e-01  1.69705066e-04  6.16522811e-01 
 1.70705066e-04  6.55888237e-01  1.70705066e-04  6.16522811e-01 
 1.71705066e-04  6.55888237e-01  1.71705066e-04  6.16522811e-01 
 1.72705066e-04  6.55888237e-01  1.72705066e-04  6.16522811e-01 
 1.73705066e-04  6.55888237e-01  1.73705066e-04  6.16522811e-01 
 1.74705066e-04  6.55888237e-01  1.74705066e-04  6.16522811e-01 
 1.75705066e-04  6.55888237e-01  1.75705066e-04  6.16522811e-01 
 1.76705066e-04  6.55888237e-01  1.76705066e-04  6.16522811e-01 
 1.77705066e-04  6.55888237e-01  1.77705066e-04  6.16522811e-01 
 1.78705066e-04  6.55888237e-01  1.78705066e-04  6.16522811e-01 
 1.79705066e-04  6.55888237e-01  1.79705066e-04  6.16522811e-01 
 1.80705066e-04  6.55888237e-01  1.80705066e-04  6.16522811e-01 
 1.81705066e-04  6.55888237e-01  1.81705066e-04  6.16522811e-01 
 1.82705066e-04  6.55888237e-01  1.82705066e-04  6.16522811e-01 
 1.83705066e-04  6.55888237e-01  1.83705066e-04  6.16522811e-01 
 1.84705066e-04  6.55888237e-01  1.84705066e-04  6.16522811e-01 
 1.85705066e-04  6.55888237e-01  1.85705066e-04  6.16522811e-01 
 1.86705066e-04  6.55888237e-01  1.86705066e-04  6.16522811e-01 
 1.87705066e-04  6.55888237e-01  1.87705066e-04  6.16522811e-01 
 1.88705066e-04  6.55888237e-01  1.88705066e-04  6.16522811e-01 
 1.89705066e-04  6.55888237e-01  1.89705066e-04  6.16522811e-01 
 1.90705066e-04  6.55888237e-01  1.90705066e-04  6.16522811e-01 
 1.91705066e-04  6.55888237e-01  1.91705066e-04  6.16522811e-01 
 1.92705066e-04  6.55888237e-01  1.92705066e-04  6.16522811e-01 
 1.93705066e-04  6.55888237e-01  1.93705066e-04  6.16522811e-01 
 1.94705066e-04  6.55888237e-01  1.94705066e-04  6.16522811e-01 
 1.95705066e-04  6.55888237e-01  1.95705066e-04  6.16522811e-01 
 1.96705066e-04  6.55888237e-01  1.96705066e-04  6.16522811e-01 
 1.97705066e-04  6.55888237e-01  1.97705066e-04  6.16522811e-01 
 1.98705066e-04  6.55888237e-01  1.98705066e-04  6.16522811e-01 
 1.99705066e-04  6.55888237e-01  1.99705066e-04  6.16522811e-01 
 2.00705066e-04  6.55888237e-01  2.00705066e-04  6.16522811e-01 
 2.01000001e-04  6.55888237e-01  2.01000001e-04  6.16522811e-01 
 2.01000001e-04  6.55888237e-01  2.01000001e-04  6.16522811e-01 
 2.01000001e-04  6.55888237e-01  2.01000001e-04  6.16522811e-01 
 2.01000002e-04  6.55888237e-01  2.01000002e-04  6.16522811e-01 
 2.01000002e-04  6.55888237e-01  2.01000002e-04  6.16522811e-01 
 2.01000002e-04  6.55888237e-01  2.01000002e-04  6.16522811e-01 
 2.01000002e-04  6.55888237e-01  2.01000002e-04  6.16522811e-01 
 2.01000003e-04  6.55888237e-01  2.01000003e-04  6.16522811e-01 
 2.01000003e-04  6.55888237e-01  2.01000003e-04  6.16522811e-01 
 2.01000004e-04  6.55888237e-01  2.01000004e-04  6.16522811e-01 
 2.01000007e-04  6.55888237e-01  2.01000007e-04  6.16522811e-01 
 2.01000012e-04  6.55888237e-01  2.01000012e-04  6.16522811e-01 
 2.01000022e-04  6.55888237e-01  2.01000022e-04  6.16522811e-01 
 2.01000043e-04  6.55888237e-01  2.01000043e-04  6.16522811e-01 
 2.01000084e-04  6.55888237e-01  2.01000084e-04  6.16522811e-01 
 2.01000166e-04  6.55888237e-01  2.01000166e-04  6.16522811e-01 
 2.01000330e-04  6.55888237e-01  2.01000330e-04  6.16522811e-01 
 2.01000657e-04  6.55888237e-01  2.01000657e-04  6.16522811e-01 
 2.01001313e-04  6.55888237e-01  2.01001313e-04  6.16522811e-01 
 2.01002608e-04  6.55888237e-01  2.01002608e-04  6.16522811e-01 
 2.01005198e-04  6.55888237e-01  2.01005198e-04  6.16522811e-01 
 2.01007563e-04  6.55888237e-01  2.01007563e-04  6.16522811e-01 
 2.01012293e-04  6.55888237e-01  2.01012293e-04  6.16522811e-01 
 2.01021753e-04  6.55888237e-01  2.01021753e-04  6.16522811e-01 
 2.01040348e-04  6.55888237e-01  2.01040348e-04  6.16522811e-01 
 2.01073821e-04  6.55888237e-01  2.01073821e-04  6.16522811e-01 
 2.01114527e-04  6.55888237e-01  2.01114527e-04  6.16522811e-01 
 2.01195937e-04  6.55888237e-01  2.01195937e-04  6.16522811e-01 
 2.01278692e-04  6.55888237e-01  2.01278692e-04  6.16522811e-01 
 2.01444203e-04  6.55888237e-01  2.01444203e-04  6.16522811e-01 
 2.01646747e-04  6.55888237e-01  2.01646747e-04  6.16522811e-01 
 2.02051834e-04  6.55888237e-01  2.02051834e-04  6.16522811e-01 
 2.02420438e-04  6.55888237e-01  2.02420438e-04  6.16522811e-01 
 2.03157646e-04  6.55888237e-01  2.03157646e-04  6.16522811e-01 
 2.04157646e-04  6.55888237e-01  2.04157646e-04  6.16522811e-01 
 2.05157646e-04  6.55888237e-01  2.05157646e-04  6.16522811e-01 
 2.06157646e-04  6.55888237e-01  2.06157646e-04  6.16522811e-01 
 2.07157646e-04  6.55888237e-01  2.07157646e-04  6.16522811e-01 
 2.08157646e-04  6.55888237e-01  2.08157646e-04  6.16522811e-01 
 2.09157646e-04  6.55888237e-01  2.09157646e-04  6.16522811e-01 
 2.10157646e-04  6.55888237e-01  2.10157646e-04  6.16522811e-01 
 2.11157646e-04  6.55888237e-01  2.11157646e-04  6.16522811e-01 
 2.12157646e-04  6.55888237e-01  2.12157646e-04  6.16522811e-01 
 2.13157646e-04  6.55888237e-01  2.13157646e-04  6.16522811e-01 
 2.14157646e-04  6.55888237e-01  2.14157646e-04  6.16522811e-01 
 2.15157646e-04  6.55888237e-01  2.15157646e-04  6.16522811e-01 
 2.16157646e-04  6.55888237e-01  2.16157646e-04  6.16522811e-01 
 2.17157646e-04  6.55888237e-01  2.17157646e-04  6.16522811e-01 
 2.18157646e-04  6.55888237e-01  2.18157646e-04  6.16522811e-01 
 2.19157646e-04  6.55888237e-01  2.19157646e-04  6.16522811e-01 
 2.20157646e-04  6.55888237e-01  2.20157646e-04  6.16522811e-01 
 2.21157646e-04  6.55888237e-01  2.21157646e-04  6.16522811e-01 
 2.22157646e-04  6.55888237e-01  2.22157646e-04  6.16522811e-01 
 2.23157646e-04  6.55888237e-01  2.23157646e-04  6.16522811e-01 
 2.24157646e-04  6.55888237e-01  2.24157646e-04  6.16522811e-01 
 2.25157646e-04  6.55888237e-01  2.25157646e-04  6.16522811e-01 
 2.26157646e-04  6.55888237e-01  2.26157646e-04  6.16522811e-01 
 2.27157646e-04  6.55888237e-01  2.27157646e-04  6.16522811e-01 
 2.28157646e-04  6.55888237e-01  2.28157646e-04  6.16522811e-01 
 2.29157646e-04  6.55888237e-01  2.29157646e-04  6.16522811e-01 
 2.30157646e-04  6.55888237e-01  2.30157646e-04  6.16522811e-01 
 2.31157646e-04  6.55888237e-01  2.31157646e-04  6.16522811e-01 
 2.32157646e-04  6.55888237e-01  2.32157646e-04  6.16522811e-01 
 2.33157646e-04  6.55888237e-01  2.33157646e-04  6.16522811e-01 
 2.34157646e-04  6.55888237e-01  2.34157646e-04  6.16522811e-01 
 2.35157646e-04  6.55888237e-01  2.35157646e-04  6.16522811e-01 
 2.36157646e-04  6.55888237e-01  2.36157646e-04  6.16522811e-01 
 2.37157646e-04  6.55888237e-01  2.37157646e-04  6.16522811e-01 
 2.38157646e-04  6.55888237e-01  2.38157646e-04  6.16522811e-01 
 2.39157646e-04  6.55888237e-01  2.39157646e-04  6.16522811e-01 
 2.40157646e-04  6.55888237e-01  2.40157646e-04  6.16522811e-01 
 2.41157646e-04  6.55888237e-01  2.41157646e-04  6.16522811e-01 
 2.42157646e-04  6.55888237e-01  2.42157646e-04  6.16522811e-01 
 2.43157646e-04  6.55888237e-01  2.43157646e-04  6.16522811e-01 
 2.44157646e-04  6.55888237e-01  2.44157646e-04  6.16522811e-01 
 2.45157646e-04  6.55888237e-01  2.45157646e-04  6.16522811e-01 
 2.46157646e-04  6.55888237e-01  2.46157646e-04  6.16522811e-01 
 2.47157646e-04  6.55888237e-01  2.47157646e-04  6.16522811e-01 
 2.48157646e-04  6.55888237e-01  2.48157646e-04  6.16522811e-01 
 2.49157646e-04  6.55888237e-01  2.49157646e-04  6.16522811e-01 
 2.50157646e-04  6.55888237e-01  2.50157646e-04  6.16522811e-01 
 2.51157646e-04  6.55888237e-01  2.51157646e-04  6.16522811e-01 
 2.52157646e-04  6.55888237e-01  2.52157646e-04  6.16522811e-01 
 2.53157646e-04  6.55888237e-01  2.53157646e-04  6.16522811e-01 
 2.54157646e-04  6.55888237e-01  2.54157646e-04  6.16522811e-01 
 2.55157646e-04  6.55888237e-01  2.55157646e-04  6.16522811e-01 
 2.56157646e-04  6.55888237e-01  2.56157646e-04  6.16522811e-01 
 2.57157646e-04  6.55888237e-01  2.57157646e-04  6.16522811e-01 
 2.58157646e-04  6.55888237e-01  2.58157646e-04  6.16522811e-01 
 2.59157646e-04  6.55888237e-01  2.59157646e-04  6.16522811e-01 
 2.60157646e-04  6.55888237e-01  2.60157646e-04  6.16522811e-01 
 2.61157646e-04  6.55888237e-01  2.61157646e-04  6.16522811e-01 
 2.62157646e-04  6.55888237e-01  2.62157646e-04  6.16522811e-01 
 2.63157646e-04  6.55888237e-01  2.63157646e-04  6.16522811e-01 
 2.64157646e-04  6.55888237e-01  2.64157646e-04  6.16522811e-01 
 2.65157646e-04  6.55888237e-01  2.65157646e-04  6.16522811e-01 
 2.66157646e-04  6.55888237e-01  2.66157646e-04  6.16522811e-01 
 2.67157646e-04  6.55888237e-01  2.67157646e-04  6.16522811e-01 
 2.68157646e-04  6.55888237e-01  2.68157646e-04  6.16522811e-01 
 2.69157646e-04  6.55888237e-01  2.69157646e-04  6.16522811e-01 
 2.70157646e-04  6.55888237e-01  2.70157646e-04  6.16522811e-01 
 2.71157646e-04  6.55888237e-01  2.71157646e-04  6.16522811e-01 
 2.72157646e-04  6.55888237e-01  2.72157646e-04  6.16522811e-01 
 2.73157646e-04  6.55888237e-01  2.73157646e-04  6.16522811e-01 
 2.74157646e-04  6.55888237e-01  2.74157646e-04  6.16522811e-01 
 2.75157646e-04  6.55888237e-01  2.75157646e-04  6.16522811e-01 
 2.76157646e-04  6.55888237e-01  2.76157646e-04  6.16522811e-01 
 2.77157646e-04  6.55888237e-01  2.77157646e-04  6.16522811e-01 
 2.78157646e-04  6.55888237e-01  2.78157646e-04  6.16522811e-01 
 2.79157646e-04  6.55888237e-01  2.79157646e-04  6.16522811e-01 
 2.80157646e-04  6.55888237e-01  2.80157646e-04  6.16522811e-01 
 2.81157646e-04  6.55888237e-01  2.81157646e-04  6.16522811e-01 
 2.82157646e-04  6.55888237e-01  2.82157646e-04  6.16522811e-01 
 2.83157646e-04  6.55888237e-01  2.83157646e-04  6.16522811e-01 
 2.84157646e-04  6.55888237e-01  2.84157646e-04  6.16522811e-01 
 2.85157646e-04  6.55888237e-01  2.85157646e-04  6.16522811e-01 
 2.86157646e-04  6.55888237e-01  2.86157646e-04  6.16522811e-01 
 2.87157646e-04  6.55888237e-01  2.87157646e-04  6.16522811e-01 
 2.88157646e-04  6.55888237e-01  2.88157646e-04  6.16522811e-01 
 2.89157646e-04  6.55888237e-01  2.89157646e-04  6.16522811e-01 
 2.90157646e-04  6.55888237e-01  2.90157646e-04  6.16522811e-01 
 2.91157646e-04  6.55888237e-01  2.91157646e-04  6.16522811e-01 
 2.92157646e-04  6.55888237e-01  2.92157646e-04  6.16522811e-01 
 2.93157646e-04  6.55888237e-01  2.93157646e-04  6.16522811e-01 
 2.94157646e-04  6.55888237e-01  2.94157646e-04  6.16522811e-01 
 2.95157646e-04  6.55888237e-01  2.95157646e-04  6.16522811e-01 
 2.96157646e-04  6.55888237e-01  2.96157646e-04  6.16522811e-01 
 2.97157646e-04  6.55888237e-01  2.97157646e-04  6.16522811e-01 
 2.98157646e-04  6.55888237e-01  2.98157646e-04  6.16522811e-01 
 2.99157646e-04  6.55888237e-01  2.99157646e-04  6.16522811e-01 
 3.00157646e-04  6.55888237e-01  3.00157646e-04  6.16522811e-01 
 3.01157646e-04  6.55888237e-01  3.01157646e-04  6.16522811e-01 
 3.02157646e-04  6.55888237e-01  3.02157646e-04  6.16522811e-01 
 3.03157646e-04  6.55888237e-01  3.03157646e-04  6.16522811e-01 
 3.04157646e-04  6.55888237e-01  3.04157646e-04  6.16522811e-01 
 3.05157646e-04  6.55888237e-01  3.05157646e-04  6.16522811e-01 
 3.06157646e-04  6.55888237e-01  3.06157646e-04  6.16522811e-01 
 3.07157646e-04  6.55888237e-01  3.07157646e-04  6.16522811e-01 
 3.08157646e-04  6.55888237e-01  3.08157646e-04  6.16522811e-01 
 3.09157646e-04  6.55888237e-01  3.09157646e-04  6.16522811e-01 
 3.10157646e-04  6.55888237e-01  3.10157646e-04  6.16522811e-01 
 3.11157646e-04  6.55888237e-01  3.11157646e-04  6.16522811e-01 
 3.12157646e-04  6.55888237e-01  3.12157646e-04  6.16522811e-01 
 3.13157646e-04  6.55888237e-01  3.13157646e-04  6.16522811e-01 
 3.14157646e-04  6.55888237e-01  3.14157646e-04  6.16522811e-01 
 3.15157646e-04  6.55888237e-01  3.15157646e-04  6.16522811e-01 
 3.16157646e-04  6.55888237e-01  3.16157646e-04  6.16522811e-01 
 3.17157646e-04  6.55888237e-01  3.17157646e-04  6.16522811e-01 
 3.18157646e-04  6.55888237e-01  3.18157646e-04  6.16522811e-01 
 3.19157646e-04  6.55888237e-01  3.19157646e-04  6.16522811e-01 
 3.20157646e-04  6.55888237e-01  3.20157646e-04  6.16522811e-01 
 3.21157646e-04  6.55888237e-01  3.21157646e-04  6.16522811e-01 
 3.22157646e-04  6.55888237e-01  3.22157646e-04  6.16522811e-01 
 3.23157646e-04  6.55888237e-01  3.23157646e-04  6.16522811e-01 
 3.24157646e-04  6.55888237e-01  3.24157646e-04  6.16522811e-01 
 3.25157646e-04  6.55888237e-01  3.25157646e-04  6.16522811e-01 
 3.26157646e-04  6.55888237e-01  3.26157646e-04  6.16522811e-01 
 3.27157646e-04  6.55888237e-01  3.27157646e-04  6.16522811e-01 
 3.28157646e-04  6.55888237e-01  3.28157646e-04  6.16522811e-01 
 3.29157646e-04  6.55888237e-01  3.29157646e-04  6.16522811e-01 
 3.30157646e-04  6.55888237e-01  3.30157646e-04  6.16522811e-01 
 3.31157646e-04  6.55888237e-01  3.31157646e-04  6.16522811e-01 
 3.32157646e-04  6.55888237e-01  3.32157646e-04  6.16522811e-01 
 3.33157646e-04  6.55888237e-01  3.33157646e-04  6.16522811e-01 
 3.34157646e-04  6.55888237e-01  3.34157646e-04  6.16522811e-01 
 3.35157646e-04  6.55888237e-01  3.35157646e-04  6.16522811e-01 
 3.36157646e-04  6.55888237e-01  3.36157646e-04  6.16522811e-01 
 3.37157646e-04  6.55888237e-01  3.37157646e-04  6.16522811e-01 
 3.38157646e-04  6.55888237e-01  3.38157646e-04  6.16522811e-01 
 3.39157646e-04  6.55888237e-01  3.39157646e-04  6.16522811e-01 
 3.40157646e-04  6.55888237e-01  3.40157646e-04  6.16522811e-01 
 3.41157646e-04  6.55888237e-01  3.41157646e-04  6.16522811e-01 
 3.42157646e-04  6.55888237e-01  3.42157646e-04  6.16522811e-01 
 3.43157646e-04  6.55888237e-01  3.43157646e-04  6.16522811e-01 
 3.44157646e-04  6.55888237e-01  3.44157646e-04  6.16522811e-01 
 3.45157646e-04  6.55888237e-01  3.45157646e-04  6.16522811e-01 
 3.46157646e-04  6.55888237e-01  3.46157646e-04  6.16522811e-01 
 3.47157646e-04  6.55888237e-01  3.47157646e-04  6.16522811e-01 
 3.48157646e-04  6.55888237e-01  3.48157646e-04  6.16522811e-01 
 3.49157646e-04  6.55888237e-01  3.49157646e-04  6.16522811e-01 
 3.50157646e-04  6.55888237e-01  3.50157646e-04  6.16522811e-01 
 3.51157646e-04  6.55888237e-01  3.51157646e-04  6.16522811e-01 
 3.52157646e-04  6.55888237e-01  3.52157646e-04  6.16522811e-01 
 3.53157646e-04  6.55888237e-01  3.53157646e-04  6.16522811e-01 
 3.54157646e-04  6.55888237e-01  3.54157646e-04  6.16522811e-01 
 3.55157646e-04  6.55888237e-01  3.55157646e-04  6.16522811e-01 
 3.56157646e-04  6.55888237e-01  3.56157646e-04  6.16522811e-01 
 3.57157646e-04  6.55888237e-01  3.57157646e-04  6.16522811e-01 
 3.58157646e-04  6.55888237e-01  3.58157646e-04  6.16522811e-01 
 3.59157646e-04  6.55888237e-01  3.59157646e-04  6.16522811e-01 
 3.60157646e-04  6.55888237e-01  3.60157646e-04  6.16522811e-01 
 3.61157646e-04  6.55888237e-01  3.61157646e-04  6.16522811e-01 
 3.62157646e-04  6.55888237e-01  3.62157646e-04  6.16522811e-01 
 3.63157646e-04  6.55888237e-01  3.63157646e-04  6.16522811e-01 
 3.64157646e-04  6.55888237e-01  3.64157646e-04  6.16522811e-01 
 3.65157646e-04  6.55888237e-01  3.65157646e-04  6.16522811e-01 
 3.66157646e-04  6.55888237e-01  3.66157646e-04  6.16522811e-01 
 3.67157646e-04  6.55888237e-01  3.67157646e-04  6.16522811e-01 
 3.68157646e-04  6.55888237e-01  3.68157646e-04  6.16522811e-01 
 3.69157646e-04  6.55888237e-01  3.69157646e-04  6.16522811e-01 
 3.70157646e-04  6.55888237e-01  3.70157646e-04  6.16522811e-01 
 3.71157646e-04  6.55888237e-01  3.71157646e-04  6.16522811e-01 
 3.72157646e-04  6.55888237e-01  3.72157646e-04  6.16522811e-01 
 3.73157646e-04  6.55888237e-01  3.73157646e-04  6.16522811e-01 
 3.74157646e-04  6.55888237e-01  3.74157646e-04  6.16522811e-01 
 3.75157646e-04  6.55888237e-01  3.75157646e-04  6.16522811e-01 
 3.76157646e-04  6.55888237e-01  3.76157646e-04  6.16522811e-01 
 3.77157646e-04  6.55888237e-01  3.77157646e-04  6.16522811e-01 
 3.78157646e-04  6.55888237e-01  3.78157646e-04  6.16522811e-01 
 3.79157646e-04  6.55888237e-01  3.79157646e-04  6.16522811e-01 
 3.80157646e-04  6.55888237e-01  3.80157646e-04  6.16522811e-01 
 3.81157646e-04  6.55888237e-01  3.81157646e-04  6.16522811e-01 
 3.82157646e-04  6.55888237e-01  3.82157646e-04  6.16522811e-01 
 3.83157646e-04  6.55888237e-01  3.83157646e-04  6.16522811e-01 
 3.84157646e-04  6.55888237e-01  3.84157646e-04  6.16522811e-01 
 3.85157646e-04  6.55888237e-01  3.85157646e-04  6.16522811e-01 
 3.86157646e-04  6.55888237e-01  3.86157646e-04  6.16522811e-01 
 3.87157646e-04  6.55888237e-01  3.87157646e-04  6.16522811e-01 
 3.88157646e-04  6.55888237e-01  3.88157646e-04  6.16522811e-01 
 3.89157646e-04  6.55888237e-01  3.89157646e-04  6.16522811e-01 
 3.90157646e-04  6.55888237e-01  3.90157646e-04  6.16522811e-01 
 3.91157646e-04  6.55888237e-01  3.91157646e-04  6.16522811e-01 
 3.92157646e-04  6.55888237e-01  3.92157646e-04  6.16522811e-01 
 3.93157646e-04  6.55888237e-01  3.93157646e-04  6.16522811e-01 
 3.94157646e-04  6.55888237e-01  3.94157646e-04  6.16522811e-01 
 3.95157646e-04  6.55888237e-01  3.95157646e-04  6.16522811e-01 
 3.96157646e-04  6.55888237e-01  3.96157646e-04  6.16522811e-01 
 3.97157646e-04  6.55888237e-01  3.97157646e-04  6.16522811e-01 
 3.98157646e-04  6.55888237e-01  3.98157646e-04  6.16522811e-01 
 3.99157646e-04  6.55888237e-01  3.99157646e-04  6.16522811e-01 
 4.00157646e-04  6.55888237e-01  4.00157646e-04  6.16522811e-01 
 4.01000000e-04  6.55888237e-01  4.01000000e-04  6.16522811e-01 
