 0.00000000e+00  5.26246547e-01  0.00000000e+00  5.27426160e-01 
 1.00000000e-08  5.26246547e-01  1.00000000e-08  5.27426160e-01 
 2.00000000e-08  5.26246547e-01  2.00000000e-08  5.27426160e-01 
 4.00000000e-08  5.26246547e-01  4.00000000e-08  5.27426160e-01 
 8.00000000e-08  5.26246547e-01  8.00000000e-08  5.27426160e-01 
 1.60000000e-07  5.26246547e-01  1.60000000e-07  5.27426160e-01 
 3.20000000e-07  5.26246547e-01  3.20000000e-07  5.27426160e-01 
 6.40000000e-07  5.26246547e-01  6.40000000e-07  5.27426160e-01 
 1.00000000e-06  5.26246547e-01  1.00000000e-06  5.27426160e-01 
 1.00000010e-06  5.26246547e-01  1.00000010e-06  5.27426160e-01 
 1.00000030e-06  5.26246547e-01  1.00000030e-06  5.27426160e-01 
 1.00000070e-06  5.26246547e-01  1.00000070e-06  5.27426160e-01 
 1.00000100e-06  5.26246547e-01  1.00000100e-06  5.27426160e-01 
 1.00000108e-06  5.26246547e-01  1.00000108e-06  5.27426160e-01 
 1.00000124e-06  5.26246547e-01  1.00000124e-06  5.27426160e-01 
 1.00000156e-06  5.26246547e-01  1.00000156e-06  5.27426160e-01 
 1.00000220e-06  5.26246547e-01  1.00000220e-06  5.27426160e-01 
 1.00000348e-06  5.26246547e-01  1.00000348e-06  5.27426160e-01 
 1.00000604e-06  5.26246547e-01  1.00000604e-06  5.27426160e-01 
 1.00001116e-06  5.26246547e-01  1.00001116e-06  5.27426160e-01 
 1.00002140e-06  5.26246547e-01  1.00002140e-06  5.27426160e-01 
 1.00004188e-06  5.26246547e-01  1.00004188e-06  5.27426160e-01 
 1.00008284e-06  5.26246547e-01  1.00008284e-06  5.27426160e-01 
 1.00016476e-06  5.26246547e-01  1.00016476e-06  5.27426160e-01 
 1.00032860e-06  5.26246547e-01  1.00032860e-06  5.27426160e-01 
 1.00065628e-06  5.26246547e-01  1.00065628e-06  5.27426160e-01 
 1.00131164e-06  5.26246547e-01  1.00131164e-06  5.27426160e-01 
 1.00262236e-06  5.26246547e-01  1.00262236e-06  5.27426160e-01 
 1.00524380e-06  5.26246547e-01  1.00524380e-06  5.27426160e-01 
 1.01006971e-06  5.26246547e-01  1.01006971e-06  5.27426160e-01 
 1.01972153e-06  5.26246547e-01  1.01972153e-06  5.27426160e-01 
 1.03902517e-06  5.26246547e-01  1.03902517e-06  5.27426160e-01 
 1.07763245e-06  5.26246547e-01  1.07763245e-06  5.27426160e-01 
 1.14646928e-06  5.26246547e-01  1.14646928e-06  5.27426160e-01 
 1.26389197e-06  5.26246547e-01  1.26389197e-06  5.27426160e-01 
 1.37369276e-06  5.26246547e-01  1.37369276e-06  5.27426160e-01 
 1.59329435e-06  5.26246547e-01  1.59329435e-06  5.27426160e-01 
 1.63040650e-06  5.26246547e-01  1.63040650e-06  5.27426160e-01 
 1.70463078e-06  5.26246547e-01  1.70463078e-06  5.27426160e-01 
 1.85307935e-06  5.26246547e-01  1.85307935e-06  5.27426160e-01 
 2.14997649e-06  5.26246547e-01  2.14997649e-06  5.27426160e-01 
 2.47312871e-06  5.26246547e-01  2.47312871e-06  5.27426160e-01 
 3.07304510e-06  5.26246547e-01  3.07304510e-06  5.27426160e-01 
 3.88251911e-06  5.26246547e-01  3.88251911e-06  5.27426160e-01 
 4.88251911e-06  5.26246547e-01  4.88251911e-06  5.27426160e-01 
 5.88251911e-06  5.26246547e-01  5.88251911e-06  5.27426160e-01 
 6.88251911e-06  5.26246547e-01  6.88251911e-06  5.27426160e-01 
 7.88251911e-06  5.26246547e-01  7.88251911e-06  5.27426160e-01 
 8.88251911e-06  5.26246547e-01  8.88251911e-06  5.27426160e-01 
 9.88251911e-06  5.26246547e-01  9.88251911e-06  5.27426160e-01 
 1.08825191e-05  5.26246547e-01  1.08825191e-05  5.27426160e-01 
 1.18825191e-05  5.26246547e-01  1.18825191e-05  5.27426160e-01 
 1.28825191e-05  5.26246547e-01  1.28825191e-05  5.27426160e-01 
 1.38825191e-05  5.26246547e-01  1.38825191e-05  5.27426160e-01 
 1.48825191e-05  5.26246547e-01  1.48825191e-05  5.27426160e-01 
 1.58825191e-05  5.26246547e-01  1.58825191e-05  5.27426160e-01 
 1.68825191e-05  5.26246547e-01  1.68825191e-05  5.27426160e-01 
 1.78825191e-05  5.26246547e-01  1.78825191e-05  5.27426160e-01 
 1.88825191e-05  5.26246547e-01  1.88825191e-05  5.27426160e-01 
 1.98825191e-05  5.26246547e-01  1.98825191e-05  5.27426160e-01 
 2.08825191e-05  5.26246547e-01  2.08825191e-05  5.27426160e-01 
 2.18825191e-05  5.26246547e-01  2.18825191e-05  5.27426160e-01 
 2.28825191e-05  5.26246547e-01  2.28825191e-05  5.27426160e-01 
 2.38825191e-05  5.26246547e-01  2.38825191e-05  5.27426160e-01 
 2.48825191e-05  5.26246547e-01  2.48825191e-05  5.27426160e-01 
 2.58825191e-05  5.26246547e-01  2.58825191e-05  5.27426160e-01 
 2.68825191e-05  5.26246547e-01  2.68825191e-05  5.27426160e-01 
 2.78825191e-05  5.26246547e-01  2.78825191e-05  5.27426160e-01 
 2.88825191e-05  5.26246547e-01  2.88825191e-05  5.27426160e-01 
 2.98825191e-05  5.26246547e-01  2.98825191e-05  5.27426160e-01 
 3.08825191e-05  5.26246547e-01  3.08825191e-05  5.27426160e-01 
 3.18825191e-05  5.26246547e-01  3.18825191e-05  5.27426160e-01 
 3.28825191e-05  5.26246547e-01  3.28825191e-05  5.27426160e-01 
 3.38825191e-05  5.26246547e-01  3.38825191e-05  5.27426160e-01 
 3.48825191e-05  5.26246547e-01  3.48825191e-05  5.27426160e-01 
 3.58825191e-05  5.26246547e-01  3.58825191e-05  5.27426160e-01 
 3.68825191e-05  5.26246547e-01  3.68825191e-05  5.27426160e-01 
 3.78825191e-05  5.26246547e-01  3.78825191e-05  5.27426160e-01 
 3.88825191e-05  5.26246547e-01  3.88825191e-05  5.27426160e-01 
 3.98825191e-05  5.26246547e-01  3.98825191e-05  5.27426160e-01 
 4.08825191e-05  5.26246547e-01  4.08825191e-05  5.27426160e-01 
 4.18825191e-05  5.26246547e-01  4.18825191e-05  5.27426160e-01 
 4.28825191e-05  5.26246547e-01  4.28825191e-05  5.27426160e-01 
 4.38825191e-05  5.26246547e-01  4.38825191e-05  5.27426160e-01 
 4.48825191e-05  5.26246547e-01  4.48825191e-05  5.27426160e-01 
 4.58825191e-05  5.26246547e-01  4.58825191e-05  5.27426160e-01 
 4.68825191e-05  5.26246547e-01  4.68825191e-05  5.27426160e-01 
 4.78825191e-05  5.26246547e-01  4.78825191e-05  5.27426160e-01 
 4.88825191e-05  5.26246547e-01  4.88825191e-05  5.27426160e-01 
 4.98825191e-05  5.26246547e-01  4.98825191e-05  5.27426160e-01 
 5.08825191e-05  5.26246547e-01  5.08825191e-05  5.27426160e-01 
 5.18825191e-05  5.26246547e-01  5.18825191e-05  5.27426160e-01 
 5.28825191e-05  5.26246547e-01  5.28825191e-05  5.27426160e-01 
 5.38825191e-05  5.26246547e-01  5.38825191e-05  5.27426160e-01 
 5.48825191e-05  5.26246547e-01  5.48825191e-05  5.27426160e-01 
 5.58825191e-05  5.26246547e-01  5.58825191e-05  5.27426160e-01 
 5.68825191e-05  5.26246547e-01  5.68825191e-05  5.27426160e-01 
 5.78825191e-05  5.26246547e-01  5.78825191e-05  5.27426160e-01 
 5.88825191e-05  5.26246547e-01  5.88825191e-05  5.27426160e-01 
 5.98825191e-05  5.26246547e-01  5.98825191e-05  5.27426160e-01 
 6.08825191e-05  5.26246547e-01  6.08825191e-05  5.27426160e-01 
 6.18825191e-05  5.26246547e-01  6.18825191e-05  5.27426160e-01 
 6.28825191e-05  5.26246547e-01  6.28825191e-05  5.27426160e-01 
 6.38825191e-05  5.26246547e-01  6.38825191e-05  5.27426160e-01 
 6.48825191e-05  5.26246547e-01  6.48825191e-05  5.27426160e-01 
 6.58825191e-05  5.26246547e-01  6.58825191e-05  5.27426160e-01 
 6.68825191e-05  5.26246547e-01  6.68825191e-05  5.27426160e-01 
 6.78825191e-05  5.26246547e-01  6.78825191e-05  5.27426160e-01 
 6.88825191e-05  5.26246547e-01  6.88825191e-05  5.27426160e-01 
 6.98825191e-05  5.26246547e-01  6.98825191e-05  5.27426160e-01 
 7.08825191e-05  5.26246547e-01  7.08825191e-05  5.27426160e-01 
 7.18825191e-05  5.26246547e-01  7.18825191e-05  5.27426160e-01 
 7.28825191e-05  5.26246547e-01  7.28825191e-05  5.27426160e-01 
 7.38825191e-05  5.26246547e-01  7.38825191e-05  5.27426160e-01 
 7.48825191e-05  5.26246547e-01  7.48825191e-05  5.27426160e-01 
 7.58825191e-05  5.26246547e-01  7.58825191e-05  5.27426160e-01 
 7.68825191e-05  5.26246547e-01  7.68825191e-05  5.27426160e-01 
 7.78825191e-05  5.26246547e-01  7.78825191e-05  5.27426160e-01 
 7.88825191e-05  5.26246547e-01  7.88825191e-05  5.27426160e-01 
 7.98825191e-05  5.26246547e-01  7.98825191e-05  5.27426160e-01 
 8.08825191e-05  5.26246547e-01  8.08825191e-05  5.27426160e-01 
 8.18825191e-05  5.26246547e-01  8.18825191e-05  5.27426160e-01 
 8.28825191e-05  5.26246547e-01  8.28825191e-05  5.27426160e-01 
 8.38825191e-05  5.26246547e-01  8.38825191e-05  5.27426160e-01 
 8.48825191e-05  5.26246547e-01  8.48825191e-05  5.27426160e-01 
 8.58825191e-05  5.26246547e-01  8.58825191e-05  5.27426160e-01 
 8.68825191e-05  5.26246547e-01  8.68825191e-05  5.27426160e-01 
 8.78825191e-05  5.26246547e-01  8.78825191e-05  5.27426160e-01 
 8.88825191e-05  5.26246547e-01  8.88825191e-05  5.27426160e-01 
 8.98825191e-05  5.26246547e-01  8.98825191e-05  5.27426160e-01 
 9.08825191e-05  5.26246547e-01  9.08825191e-05  5.27426160e-01 
 9.18825191e-05  5.26246547e-01  9.18825191e-05  5.27426160e-01 
 9.28825191e-05  5.26246547e-01  9.28825191e-05  5.27426160e-01 
 9.38825191e-05  5.26246547e-01  9.38825191e-05  5.27426160e-01 
 9.48825191e-05  5.26246547e-01  9.48825191e-05  5.27426160e-01 
 9.58825191e-05  5.26246547e-01  9.58825191e-05  5.27426160e-01 
 9.68825191e-05  5.26246547e-01  9.68825191e-05  5.27426160e-01 
 9.78825191e-05  5.26246547e-01  9.78825191e-05  5.27426160e-01 
 9.88825191e-05  5.26246547e-01  9.88825191e-05  5.27426160e-01 
 9.98825191e-05  5.26246547e-01  9.98825191e-05  5.27426160e-01 
 1.00882519e-04  5.26246547e-01  1.00882519e-04  5.27426160e-01 
 1.01882519e-04  5.26246547e-01  1.01882519e-04  5.27426160e-01 
 1.02882519e-04  5.26246547e-01  1.02882519e-04  5.27426160e-01 
 1.03882519e-04  5.26246547e-01  1.03882519e-04  5.27426160e-01 
 1.04882519e-04  5.26246547e-01  1.04882519e-04  5.27426160e-01 
 1.05882519e-04  5.26246547e-01  1.05882519e-04  5.27426160e-01 
 1.06882519e-04  5.26246547e-01  1.06882519e-04  5.27426160e-01 
 1.07882519e-04  5.26246547e-01  1.07882519e-04  5.27426160e-01 
 1.08882519e-04  5.26246547e-01  1.08882519e-04  5.27426160e-01 
 1.09882519e-04  5.26246547e-01  1.09882519e-04  5.27426160e-01 
 1.10882519e-04  5.26246547e-01  1.10882519e-04  5.27426160e-01 
 1.11882519e-04  5.26246547e-01  1.11882519e-04  5.27426160e-01 
 1.12882519e-04  5.26246547e-01  1.12882519e-04  5.27426160e-01 
 1.13882519e-04  5.26246547e-01  1.13882519e-04  5.27426160e-01 
 1.14882519e-04  5.26246547e-01  1.14882519e-04  5.27426160e-01 
 1.15882519e-04  5.26246547e-01  1.15882519e-04  5.27426160e-01 
 1.16882519e-04  5.26246547e-01  1.16882519e-04  5.27426160e-01 
 1.17882519e-04  5.26246547e-01  1.17882519e-04  5.27426160e-01 
 1.18882519e-04  5.26246547e-01  1.18882519e-04  5.27426160e-01 
 1.19882519e-04  5.26246547e-01  1.19882519e-04  5.27426160e-01 
 1.20882519e-04  5.26246547e-01  1.20882519e-04  5.27426160e-01 
 1.21882519e-04  5.26246547e-01  1.21882519e-04  5.27426160e-01 
 1.22882519e-04  5.26246547e-01  1.22882519e-04  5.27426160e-01 
 1.23882519e-04  5.26246547e-01  1.23882519e-04  5.27426160e-01 
 1.24882519e-04  5.26246547e-01  1.24882519e-04  5.27426160e-01 
 1.25882519e-04  5.26246547e-01  1.25882519e-04  5.27426160e-01 
 1.26882519e-04  5.26246547e-01  1.26882519e-04  5.27426160e-01 
 1.27882519e-04  5.26246547e-01  1.27882519e-04  5.27426160e-01 
 1.28882519e-04  5.26246547e-01  1.28882519e-04  5.27426160e-01 
 1.29882519e-04  5.26246547e-01  1.29882519e-04  5.27426160e-01 
 1.30882519e-04  5.26246547e-01  1.30882519e-04  5.27426160e-01 
 1.31882519e-04  5.26246547e-01  1.31882519e-04  5.27426160e-01 
 1.32882519e-04  5.26246547e-01  1.32882519e-04  5.27426160e-01 
 1.33882519e-04  5.26246547e-01  1.33882519e-04  5.27426160e-01 
 1.34882519e-04  5.26246547e-01  1.34882519e-04  5.27426160e-01 
 1.35882519e-04  5.26246547e-01  1.35882519e-04  5.27426160e-01 
 1.36882519e-04  5.26246547e-01  1.36882519e-04  5.27426160e-01 
 1.37882519e-04  5.26246547e-01  1.37882519e-04  5.27426160e-01 
 1.38882519e-04  5.26246547e-01  1.38882519e-04  5.27426160e-01 
 1.39882519e-04  5.26246547e-01  1.39882519e-04  5.27426160e-01 
 1.40882519e-04  5.26246547e-01  1.40882519e-04  5.27426160e-01 
 1.41882519e-04  5.26246547e-01  1.41882519e-04  5.27426160e-01 
 1.42882519e-04  5.26246547e-01  1.42882519e-04  5.27426160e-01 
 1.43882519e-04  5.26246547e-01  1.43882519e-04  5.27426160e-01 
 1.44882519e-04  5.26246547e-01  1.44882519e-04  5.27426160e-01 
 1.45882519e-04  5.26246547e-01  1.45882519e-04  5.27426160e-01 
 1.46882519e-04  5.26246547e-01  1.46882519e-04  5.27426160e-01 
 1.47882519e-04  5.26246547e-01  1.47882519e-04  5.27426160e-01 
 1.48882519e-04  5.26246547e-01  1.48882519e-04  5.27426160e-01 
 1.49882519e-04  5.26246547e-01  1.49882519e-04  5.27426160e-01 
 1.50882519e-04  5.26246547e-01  1.50882519e-04  5.27426160e-01 
 1.51882519e-04  5.26246547e-01  1.51882519e-04  5.27426160e-01 
 1.52882519e-04  5.26246547e-01  1.52882519e-04  5.27426160e-01 
 1.53882519e-04  5.26246547e-01  1.53882519e-04  5.27426160e-01 
 1.54882519e-04  5.26246547e-01  1.54882519e-04  5.27426160e-01 
 1.55882519e-04  5.26246547e-01  1.55882519e-04  5.27426160e-01 
 1.56882519e-04  5.26246547e-01  1.56882519e-04  5.27426160e-01 
 1.57882519e-04  5.26246547e-01  1.57882519e-04  5.27426160e-01 
 1.58882519e-04  5.26246547e-01  1.58882519e-04  5.27426160e-01 
 1.59882519e-04  5.26246547e-01  1.59882519e-04  5.27426160e-01 
 1.60882519e-04  5.26246547e-01  1.60882519e-04  5.27426160e-01 
 1.61882519e-04  5.26246547e-01  1.61882519e-04  5.27426160e-01 
 1.62882519e-04  5.26246547e-01  1.62882519e-04  5.27426160e-01 
 1.63882519e-04  5.26246547e-01  1.63882519e-04  5.27426160e-01 
 1.64882519e-04  5.26246547e-01  1.64882519e-04  5.27426160e-01 
 1.65882519e-04  5.26246547e-01  1.65882519e-04  5.27426160e-01 
 1.66882519e-04  5.26246547e-01  1.66882519e-04  5.27426160e-01 
 1.67882519e-04  5.26246547e-01  1.67882519e-04  5.27426160e-01 
 1.68882519e-04  5.26246547e-01  1.68882519e-04  5.27426160e-01 
 1.69882519e-04  5.26246547e-01  1.69882519e-04  5.27426160e-01 
 1.70882519e-04  5.26246547e-01  1.70882519e-04  5.27426160e-01 
 1.71882519e-04  5.26246547e-01  1.71882519e-04  5.27426160e-01 
 1.72882519e-04  5.26246547e-01  1.72882519e-04  5.27426160e-01 
 1.73882519e-04  5.26246547e-01  1.73882519e-04  5.27426160e-01 
 1.74882519e-04  5.26246547e-01  1.74882519e-04  5.27426160e-01 
 1.75882519e-04  5.26246547e-01  1.75882519e-04  5.27426160e-01 
 1.76882519e-04  5.26246547e-01  1.76882519e-04  5.27426160e-01 
 1.77882519e-04  5.26246547e-01  1.77882519e-04  5.27426160e-01 
 1.78882519e-04  5.26246547e-01  1.78882519e-04  5.27426160e-01 
 1.79882519e-04  5.26246547e-01  1.79882519e-04  5.27426160e-01 
 1.80882519e-04  5.26246547e-01  1.80882519e-04  5.27426160e-01 
 1.81882519e-04  5.26246547e-01  1.81882519e-04  5.27426160e-01 
 1.82882519e-04  5.26246547e-01  1.82882519e-04  5.27426160e-01 
 1.83882519e-04  5.26246547e-01  1.83882519e-04  5.27426160e-01 
 1.84882519e-04  5.26246547e-01  1.84882519e-04  5.27426160e-01 
 1.85882519e-04  5.26246547e-01  1.85882519e-04  5.27426160e-01 
 1.86882519e-04  5.26246547e-01  1.86882519e-04  5.27426160e-01 
 1.87882519e-04  5.26246547e-01  1.87882519e-04  5.27426160e-01 
 1.88882519e-04  5.26246547e-01  1.88882519e-04  5.27426160e-01 
 1.89882519e-04  5.26246547e-01  1.89882519e-04  5.27426160e-01 
 1.90882519e-04  5.26246547e-01  1.90882519e-04  5.27426160e-01 
 1.91882519e-04  5.26246547e-01  1.91882519e-04  5.27426160e-01 
 1.92882519e-04  5.26246547e-01  1.92882519e-04  5.27426160e-01 
 1.93882519e-04  5.26246547e-01  1.93882519e-04  5.27426160e-01 
 1.94882519e-04  5.26246547e-01  1.94882519e-04  5.27426160e-01 
 1.95882519e-04  5.26246547e-01  1.95882519e-04  5.27426160e-01 
 1.96882519e-04  5.26246547e-01  1.96882519e-04  5.27426160e-01 
 1.97882519e-04  5.26246547e-01  1.97882519e-04  5.27426160e-01 
 1.98882519e-04  5.26246547e-01  1.98882519e-04  5.27426160e-01 
 1.99882519e-04  5.26246547e-01  1.99882519e-04  5.27426160e-01 
 2.00882519e-04  5.26246547e-01  2.00882519e-04  5.27426160e-01 
 2.01000001e-04  5.26246547e-01  2.01000001e-04  5.27426160e-01 
 2.01000001e-04  5.26246547e-01  2.01000001e-04  5.27426160e-01 
 2.01000001e-04  5.26246547e-01  2.01000001e-04  5.27426160e-01 
 2.01000002e-04  5.26246547e-01  2.01000002e-04  5.27426160e-01 
 2.01000002e-04  5.26246547e-01  2.01000002e-04  5.27426160e-01 
 2.01000002e-04  5.26246547e-01  2.01000002e-04  5.27426160e-01 
 2.01000002e-04  5.26246547e-01  2.01000002e-04  5.27426160e-01 
 2.01000003e-04  5.26246547e-01  2.01000003e-04  5.27426160e-01 
 2.01000003e-04  5.26246547e-01  2.01000003e-04  5.27426160e-01 
 2.01000004e-04  5.26246547e-01  2.01000004e-04  5.27426160e-01 
 2.01000007e-04  5.26246547e-01  2.01000007e-04  5.27426160e-01 
 2.01000012e-04  5.26246547e-01  2.01000012e-04  5.27426160e-01 
 2.01000022e-04  5.26246547e-01  2.01000022e-04  5.27426160e-01 
 2.01000043e-04  5.26246547e-01  2.01000043e-04  5.27426160e-01 
 2.01000084e-04  5.26246547e-01  2.01000084e-04  5.27426160e-01 
 2.01000166e-04  5.26246547e-01  2.01000166e-04  5.27426160e-01 
 2.01000330e-04  5.26246547e-01  2.01000330e-04  5.27426160e-01 
 2.01000657e-04  5.26246547e-01  2.01000657e-04  5.27426160e-01 
 2.01001313e-04  5.26246547e-01  2.01001313e-04  5.27426160e-01 
 2.01002623e-04  5.26246547e-01  2.01002623e-04  5.27426160e-01 
 2.01005245e-04  5.26246547e-01  2.01005245e-04  5.27426160e-01 
 2.01010488e-04  5.26246547e-01  2.01010488e-04  5.27426160e-01 
 2.01020973e-04  5.26246547e-01  2.01020973e-04  5.27426160e-01 
 2.01035229e-04  5.26246547e-01  2.01035229e-04  5.27426160e-01 
 2.01063740e-04  5.26246547e-01  2.01063740e-04  5.27426160e-01 
 2.01117684e-04  5.26246547e-01  2.01117684e-04  5.27426160e-01 
 2.01213646e-04  5.26246547e-01  2.01213646e-04  5.27426160e-01 
 2.01307285e-04  5.26246547e-01  2.01307285e-04  5.27426160e-01 
 2.01494563e-04  5.26246547e-01  2.01494563e-04  5.27426160e-01 
 2.01534933e-04  5.26246547e-01  2.01534933e-04  5.27426160e-01 
 2.01615673e-04  5.26246547e-01  2.01615673e-04  5.27426160e-01 
 2.01777154e-04  5.26246547e-01  2.01777154e-04  5.27426160e-01 
 2.01954907e-04  5.26246547e-01  2.01954907e-04  5.27426160e-01 
 2.02193870e-04  5.26246547e-01  2.02193870e-04  5.27426160e-01 
 2.02598883e-04  5.26246547e-01  2.02598883e-04  5.27426160e-01 
 2.03214023e-04  5.26246547e-01  2.03214023e-04  5.27426160e-01 
 2.04034519e-04  5.26246547e-01  2.04034519e-04  5.27426160e-01 
 2.05034519e-04  5.26246547e-01  2.05034519e-04  5.27426160e-01 
 2.06034519e-04  5.26246547e-01  2.06034519e-04  5.27426160e-01 
 2.07034519e-04  5.26246547e-01  2.07034519e-04  5.27426160e-01 
 2.08034519e-04  5.26246547e-01  2.08034519e-04  5.27426160e-01 
 2.09034519e-04  5.26246547e-01  2.09034519e-04  5.27426160e-01 
 2.10034519e-04  5.26246547e-01  2.10034519e-04  5.27426160e-01 
 2.11034519e-04  5.26246547e-01  2.11034519e-04  5.27426160e-01 
 2.12034519e-04  5.26246547e-01  2.12034519e-04  5.27426160e-01 
 2.13034519e-04  5.26246547e-01  2.13034519e-04  5.27426160e-01 
 2.14034519e-04  5.26246547e-01  2.14034519e-04  5.27426160e-01 
 2.15034519e-04  5.26246547e-01  2.15034519e-04  5.27426160e-01 
 2.16034519e-04  5.26246547e-01  2.16034519e-04  5.27426160e-01 
 2.17034519e-04  5.26246547e-01  2.17034519e-04  5.27426160e-01 
 2.18034519e-04  5.26246547e-01  2.18034519e-04  5.27426160e-01 
 2.19034519e-04  5.26246547e-01  2.19034519e-04  5.27426160e-01 
 2.20034519e-04  5.26246547e-01  2.20034519e-04  5.27426160e-01 
 2.21034519e-04  5.26246547e-01  2.21034519e-04  5.27426160e-01 
 2.22034519e-04  5.26246547e-01  2.22034519e-04  5.27426160e-01 
 2.23034519e-04  5.26246547e-01  2.23034519e-04  5.27426160e-01 
 2.24034519e-04  5.26246547e-01  2.24034519e-04  5.27426160e-01 
 2.25034519e-04  5.26246547e-01  2.25034519e-04  5.27426160e-01 
 2.26034519e-04  5.26246547e-01  2.26034519e-04  5.27426160e-01 
 2.27034519e-04  5.26246547e-01  2.27034519e-04  5.27426160e-01 
 2.28034519e-04  5.26246547e-01  2.28034519e-04  5.27426160e-01 
 2.29034519e-04  5.26246547e-01  2.29034519e-04  5.27426160e-01 
 2.30034519e-04  5.26246547e-01  2.30034519e-04  5.27426160e-01 
 2.31034519e-04  5.26246547e-01  2.31034519e-04  5.27426160e-01 
 2.32034519e-04  5.26246547e-01  2.32034519e-04  5.27426160e-01 
 2.33034519e-04  5.26246547e-01  2.33034519e-04  5.27426160e-01 
 2.34034519e-04  5.26246547e-01  2.34034519e-04  5.27426160e-01 
 2.35034519e-04  5.26246547e-01  2.35034519e-04  5.27426160e-01 
 2.36034519e-04  5.26246547e-01  2.36034519e-04  5.27426160e-01 
 2.37034519e-04  5.26246547e-01  2.37034519e-04  5.27426160e-01 
 2.38034519e-04  5.26246547e-01  2.38034519e-04  5.27426160e-01 
 2.39034519e-04  5.26246547e-01  2.39034519e-04  5.27426160e-01 
 2.40034519e-04  5.26246547e-01  2.40034519e-04  5.27426160e-01 
 2.41034519e-04  5.26246547e-01  2.41034519e-04  5.27426160e-01 
 2.42034519e-04  5.26246547e-01  2.42034519e-04  5.27426160e-01 
 2.43034519e-04  5.26246547e-01  2.43034519e-04  5.27426160e-01 
 2.44034519e-04  5.26246547e-01  2.44034519e-04  5.27426160e-01 
 2.45034519e-04  5.26246547e-01  2.45034519e-04  5.27426160e-01 
 2.46034519e-04  5.26246547e-01  2.46034519e-04  5.27426160e-01 
 2.47034519e-04  5.26246547e-01  2.47034519e-04  5.27426160e-01 
 2.48034519e-04  5.26246547e-01  2.48034519e-04  5.27426160e-01 
 2.49034519e-04  5.26246547e-01  2.49034519e-04  5.27426160e-01 
 2.50034519e-04  5.26246547e-01  2.50034519e-04  5.27426160e-01 
 2.51034519e-04  5.26246547e-01  2.51034519e-04  5.27426160e-01 
 2.52034519e-04  5.26246547e-01  2.52034519e-04  5.27426160e-01 
 2.53034519e-04  5.26246547e-01  2.53034519e-04  5.27426160e-01 
 2.54034519e-04  5.26246547e-01  2.54034519e-04  5.27426160e-01 
 2.55034519e-04  5.26246547e-01  2.55034519e-04  5.27426160e-01 
 2.56034519e-04  5.26246547e-01  2.56034519e-04  5.27426160e-01 
 2.57034519e-04  5.26246547e-01  2.57034519e-04  5.27426160e-01 
 2.58034519e-04  5.26246547e-01  2.58034519e-04  5.27426160e-01 
 2.59034519e-04  5.26246547e-01  2.59034519e-04  5.27426160e-01 
 2.60034519e-04  5.26246547e-01  2.60034519e-04  5.27426160e-01 
 2.61034519e-04  5.26246547e-01  2.61034519e-04  5.27426160e-01 
 2.62034519e-04  5.26246547e-01  2.62034519e-04  5.27426160e-01 
 2.63034519e-04  5.26246547e-01  2.63034519e-04  5.27426160e-01 
 2.64034519e-04  5.26246547e-01  2.64034519e-04  5.27426160e-01 
 2.65034519e-04  5.26246547e-01  2.65034519e-04  5.27426160e-01 
 2.66034519e-04  5.26246547e-01  2.66034519e-04  5.27426160e-01 
 2.67034519e-04  5.26246547e-01  2.67034519e-04  5.27426160e-01 
 2.68034519e-04  5.26246547e-01  2.68034519e-04  5.27426160e-01 
 2.69034519e-04  5.26246547e-01  2.69034519e-04  5.27426160e-01 
 2.70034519e-04  5.26246547e-01  2.70034519e-04  5.27426160e-01 
 2.71034519e-04  5.26246547e-01  2.71034519e-04  5.27426160e-01 
 2.72034519e-04  5.26246547e-01  2.72034519e-04  5.27426160e-01 
 2.73034519e-04  5.26246547e-01  2.73034519e-04  5.27426160e-01 
 2.74034519e-04  5.26246547e-01  2.74034519e-04  5.27426160e-01 
 2.75034519e-04  5.26246547e-01  2.75034519e-04  5.27426160e-01 
 2.76034519e-04  5.26246547e-01  2.76034519e-04  5.27426160e-01 
 2.77034519e-04  5.26246547e-01  2.77034519e-04  5.27426160e-01 
 2.78034519e-04  5.26246547e-01  2.78034519e-04  5.27426160e-01 
 2.79034519e-04  5.26246547e-01  2.79034519e-04  5.27426160e-01 
 2.80034519e-04  5.26246547e-01  2.80034519e-04  5.27426160e-01 
 2.81034519e-04  5.26246547e-01  2.81034519e-04  5.27426160e-01 
 2.82034519e-04  5.26246547e-01  2.82034519e-04  5.27426160e-01 
 2.83034519e-04  5.26246547e-01  2.83034519e-04  5.27426160e-01 
 2.84034519e-04  5.26246547e-01  2.84034519e-04  5.27426160e-01 
 2.85034519e-04  5.26246547e-01  2.85034519e-04  5.27426160e-01 
 2.86034519e-04  5.26246547e-01  2.86034519e-04  5.27426160e-01 
 2.87034519e-04  5.26246547e-01  2.87034519e-04  5.27426160e-01 
 2.88034519e-04  5.26246547e-01  2.88034519e-04  5.27426160e-01 
 2.89034519e-04  5.26246547e-01  2.89034519e-04  5.27426160e-01 
 2.90034519e-04  5.26246547e-01  2.90034519e-04  5.27426160e-01 
 2.91034519e-04  5.26246547e-01  2.91034519e-04  5.27426160e-01 
 2.92034519e-04  5.26246547e-01  2.92034519e-04  5.27426160e-01 
 2.93034519e-04  5.26246547e-01  2.93034519e-04  5.27426160e-01 
 2.94034519e-04  5.26246547e-01  2.94034519e-04  5.27426160e-01 
 2.95034519e-04  5.26246547e-01  2.95034519e-04  5.27426160e-01 
 2.96034519e-04  5.26246547e-01  2.96034519e-04  5.27426160e-01 
 2.97034519e-04  5.26246547e-01  2.97034519e-04  5.27426160e-01 
 2.98034519e-04  5.26246547e-01  2.98034519e-04  5.27426160e-01 
 2.99034519e-04  5.26246547e-01  2.99034519e-04  5.27426160e-01 
 3.00034519e-04  5.26246547e-01  3.00034519e-04  5.27426160e-01 
 3.01034519e-04  5.26246547e-01  3.01034519e-04  5.27426160e-01 
 3.02034519e-04  5.26246547e-01  3.02034519e-04  5.27426160e-01 
 3.03034519e-04  5.26246547e-01  3.03034519e-04  5.27426160e-01 
 3.04034519e-04  5.26246547e-01  3.04034519e-04  5.27426160e-01 
 3.05034519e-04  5.26246547e-01  3.05034519e-04  5.27426160e-01 
 3.06034519e-04  5.26246547e-01  3.06034519e-04  5.27426160e-01 
 3.07034519e-04  5.26246547e-01  3.07034519e-04  5.27426160e-01 
 3.08034519e-04  5.26246547e-01  3.08034519e-04  5.27426160e-01 
 3.09034519e-04  5.26246547e-01  3.09034519e-04  5.27426160e-01 
 3.10034519e-04  5.26246547e-01  3.10034519e-04  5.27426160e-01 
 3.11034519e-04  5.26246547e-01  3.11034519e-04  5.27426160e-01 
 3.12034519e-04  5.26246547e-01  3.12034519e-04  5.27426160e-01 
 3.13034519e-04  5.26246547e-01  3.13034519e-04  5.27426160e-01 
 3.14034519e-04  5.26246547e-01  3.14034519e-04  5.27426160e-01 
 3.15034519e-04  5.26246547e-01  3.15034519e-04  5.27426160e-01 
 3.16034519e-04  5.26246547e-01  3.16034519e-04  5.27426160e-01 
 3.17034519e-04  5.26246547e-01  3.17034519e-04  5.27426160e-01 
 3.18034519e-04  5.26246547e-01  3.18034519e-04  5.27426160e-01 
 3.19034519e-04  5.26246547e-01  3.19034519e-04  5.27426160e-01 
 3.20034519e-04  5.26246547e-01  3.20034519e-04  5.27426160e-01 
 3.21034519e-04  5.26246547e-01  3.21034519e-04  5.27426160e-01 
 3.22034519e-04  5.26246547e-01  3.22034519e-04  5.27426160e-01 
 3.23034519e-04  5.26246547e-01  3.23034519e-04  5.27426160e-01 
 3.24034519e-04  5.26246547e-01  3.24034519e-04  5.27426160e-01 
 3.25034519e-04  5.26246547e-01  3.25034519e-04  5.27426160e-01 
 3.26034519e-04  5.26246547e-01  3.26034519e-04  5.27426160e-01 
 3.27034519e-04  5.26246547e-01  3.27034519e-04  5.27426160e-01 
 3.28034519e-04  5.26246547e-01  3.28034519e-04  5.27426160e-01 
 3.29034519e-04  5.26246547e-01  3.29034519e-04  5.27426160e-01 
 3.30034519e-04  5.26246547e-01  3.30034519e-04  5.27426160e-01 
 3.31034519e-04  5.26246547e-01  3.31034519e-04  5.27426160e-01 
 3.32034519e-04  5.26246547e-01  3.32034519e-04  5.27426160e-01 
 3.33034519e-04  5.26246547e-01  3.33034519e-04  5.27426160e-01 
 3.34034519e-04  5.26246547e-01  3.34034519e-04  5.27426160e-01 
 3.35034519e-04  5.26246547e-01  3.35034519e-04  5.27426160e-01 
 3.36034519e-04  5.26246547e-01  3.36034519e-04  5.27426160e-01 
 3.37034519e-04  5.26246547e-01  3.37034519e-04  5.27426160e-01 
 3.38034519e-04  5.26246547e-01  3.38034519e-04  5.27426160e-01 
 3.39034519e-04  5.26246547e-01  3.39034519e-04  5.27426160e-01 
 3.40034519e-04  5.26246547e-01  3.40034519e-04  5.27426160e-01 
 3.41034519e-04  5.26246547e-01  3.41034519e-04  5.27426160e-01 
 3.42034519e-04  5.26246547e-01  3.42034519e-04  5.27426160e-01 
 3.43034519e-04  5.26246547e-01  3.43034519e-04  5.27426160e-01 
 3.44034519e-04  5.26246547e-01  3.44034519e-04  5.27426160e-01 
 3.45034519e-04  5.26246547e-01  3.45034519e-04  5.27426160e-01 
 3.46034519e-04  5.26246547e-01  3.46034519e-04  5.27426160e-01 
 3.47034519e-04  5.26246547e-01  3.47034519e-04  5.27426160e-01 
 3.48034519e-04  5.26246547e-01  3.48034519e-04  5.27426160e-01 
 3.49034519e-04  5.26246547e-01  3.49034519e-04  5.27426160e-01 
 3.50034519e-04  5.26246547e-01  3.50034519e-04  5.27426160e-01 
 3.51034519e-04  5.26246547e-01  3.51034519e-04  5.27426160e-01 
 3.52034519e-04  5.26246547e-01  3.52034519e-04  5.27426160e-01 
 3.53034519e-04  5.26246547e-01  3.53034519e-04  5.27426160e-01 
 3.54034519e-04  5.26246547e-01  3.54034519e-04  5.27426160e-01 
 3.55034519e-04  5.26246547e-01  3.55034519e-04  5.27426160e-01 
 3.56034519e-04  5.26246547e-01  3.56034519e-04  5.27426160e-01 
 3.57034519e-04  5.26246547e-01  3.57034519e-04  5.27426160e-01 
 3.58034519e-04  5.26246547e-01  3.58034519e-04  5.27426160e-01 
 3.59034519e-04  5.26246547e-01  3.59034519e-04  5.27426160e-01 
 3.60034519e-04  5.26246547e-01  3.60034519e-04  5.27426160e-01 
 3.61034519e-04  5.26246547e-01  3.61034519e-04  5.27426160e-01 
 3.62034519e-04  5.26246547e-01  3.62034519e-04  5.27426160e-01 
 3.63034519e-04  5.26246547e-01  3.63034519e-04  5.27426160e-01 
 3.64034519e-04  5.26246547e-01  3.64034519e-04  5.27426160e-01 
 3.65034519e-04  5.26246547e-01  3.65034519e-04  5.27426160e-01 
 3.66034519e-04  5.26246547e-01  3.66034519e-04  5.27426160e-01 
 3.67034519e-04  5.26246547e-01  3.67034519e-04  5.27426160e-01 
 3.68034519e-04  5.26246547e-01  3.68034519e-04  5.27426160e-01 
 3.69034519e-04  5.26246547e-01  3.69034519e-04  5.27426160e-01 
 3.70034519e-04  5.26246547e-01  3.70034519e-04  5.27426160e-01 
 3.71034519e-04  5.26246547e-01  3.71034519e-04  5.27426160e-01 
 3.72034519e-04  5.26246547e-01  3.72034519e-04  5.27426160e-01 
 3.73034519e-04  5.26246547e-01  3.73034519e-04  5.27426160e-01 
 3.74034519e-04  5.26246547e-01  3.74034519e-04  5.27426160e-01 
 3.75034519e-04  5.26246547e-01  3.75034519e-04  5.27426160e-01 
 3.76034519e-04  5.26246547e-01  3.76034519e-04  5.27426160e-01 
 3.77034519e-04  5.26246547e-01  3.77034519e-04  5.27426160e-01 
 3.78034519e-04  5.26246547e-01  3.78034519e-04  5.27426160e-01 
 3.79034519e-04  5.26246547e-01  3.79034519e-04  5.27426160e-01 
 3.80034519e-04  5.26246547e-01  3.80034519e-04  5.27426160e-01 
 3.81034519e-04  5.26246547e-01  3.81034519e-04  5.27426160e-01 
 3.82034519e-04  5.26246547e-01  3.82034519e-04  5.27426160e-01 
 3.83034519e-04  5.26246547e-01  3.83034519e-04  5.27426160e-01 
 3.84034519e-04  5.26246547e-01  3.84034519e-04  5.27426160e-01 
 3.85034519e-04  5.26246547e-01  3.85034519e-04  5.27426160e-01 
 3.86034519e-04  5.26246547e-01  3.86034519e-04  5.27426160e-01 
 3.87034519e-04  5.26246547e-01  3.87034519e-04  5.27426160e-01 
 3.88034519e-04  5.26246547e-01  3.88034519e-04  5.27426160e-01 
 3.89034519e-04  5.26246547e-01  3.89034519e-04  5.27426160e-01 
 3.90034519e-04  5.26246547e-01  3.90034519e-04  5.27426160e-01 
 3.91034519e-04  5.26246547e-01  3.91034519e-04  5.27426160e-01 
 3.92034519e-04  5.26246547e-01  3.92034519e-04  5.27426160e-01 
 3.93034519e-04  5.26246547e-01  3.93034519e-04  5.27426160e-01 
 3.94034519e-04  5.26246547e-01  3.94034519e-04  5.27426160e-01 
 3.95034519e-04  5.26246547e-01  3.95034519e-04  5.27426160e-01 
 3.96034519e-04  5.26246547e-01  3.96034519e-04  5.27426160e-01 
 3.97034519e-04  5.26246547e-01  3.97034519e-04  5.27426160e-01 
 3.98034519e-04  5.26246547e-01  3.98034519e-04  5.27426160e-01 
 3.99034519e-04  5.26246547e-01  3.99034519e-04  5.27426160e-01 
 4.00034519e-04  5.26246547e-01  4.00034519e-04  5.27426160e-01 
 4.01000000e-04  5.26246547e-01  4.01000000e-04  5.27426160e-01 
