 0.00000000e+00  1.06238427e-01  0.00000000e+00  3.06466442e-01 
 1.00000000e-08  1.06238427e-01  1.00000000e-08  3.06466442e-01 
 2.00000000e-08  1.06238427e-01  2.00000000e-08  3.06466442e-01 
 4.00000000e-08  1.06238427e-01  4.00000000e-08  3.06466442e-01 
 8.00000000e-08  1.06238427e-01  8.00000000e-08  3.06466442e-01 
 1.60000000e-07  1.06238427e-01  1.60000000e-07  3.06466442e-01 
 3.20000000e-07  1.06238427e-01  3.20000000e-07  3.06466442e-01 
 6.40000000e-07  1.06238427e-01  6.40000000e-07  3.06466442e-01 
 1.00000000e-06  1.06238427e-01  1.00000000e-06  3.06466442e-01 
 1.00000010e-06  1.06238427e-01  1.00000010e-06  3.06466442e-01 
 1.00000030e-06  1.06238427e-01  1.00000030e-06  3.06466442e-01 
 1.00000070e-06  1.06238427e-01  1.00000070e-06  3.06466442e-01 
 1.00000100e-06  1.06238427e-01  1.00000100e-06  3.06466442e-01 
 1.00000108e-06  1.06238427e-01  1.00000108e-06  3.06466442e-01 
 1.00000124e-06  1.06238427e-01  1.00000124e-06  3.06466442e-01 
 1.00000156e-06  1.06238427e-01  1.00000156e-06  3.06466442e-01 
 1.00000220e-06  1.06238427e-01  1.00000220e-06  3.06466442e-01 
 1.00000348e-06  1.06238427e-01  1.00000348e-06  3.06466442e-01 
 1.00000604e-06  1.06238427e-01  1.00000604e-06  3.06466442e-01 
 1.00001116e-06  1.06238427e-01  1.00001116e-06  3.06466442e-01 
 1.00002140e-06  1.06238427e-01  1.00002140e-06  3.06466442e-01 
 1.00004188e-06  1.06238427e-01  1.00004188e-06  3.06466442e-01 
 1.00008284e-06  1.06238427e-01  1.00008284e-06  3.06466442e-01 
 1.00016476e-06  1.06238427e-01  1.00016476e-06  3.06466442e-01 
 1.00032860e-06  1.06238427e-01  1.00032860e-06  3.06466442e-01 
 1.00065628e-06  1.06238427e-01  1.00065628e-06  3.06466442e-01 
 1.00131164e-06  1.06238427e-01  1.00131164e-06  3.06466442e-01 
 1.00262236e-06  1.06238427e-01  1.00262236e-06  3.06466442e-01 
 1.00524380e-06  1.06238427e-01  1.00524380e-06  3.06466442e-01 
 1.01048668e-06  1.06238427e-01  1.01048668e-06  3.06466442e-01 
 1.01939141e-06  1.06238427e-01  1.01939141e-06  3.06466442e-01 
 1.03720086e-06  1.06238427e-01  1.03720086e-06  3.06466442e-01 
 1.06672035e-06  1.06238427e-01  1.06672035e-06  3.06466442e-01 
 1.11222809e-06  1.06238427e-01  1.11222809e-06  3.06466442e-01 
 1.15944615e-06  1.06238427e-01  1.15944615e-06  3.06466442e-01 
 1.25388229e-06  1.06238427e-01  1.25388229e-06  3.06466442e-01 
 1.44275455e-06  1.06238427e-01  1.44275455e-06  3.06466442e-01 
 1.82049909e-06  1.06238427e-01  1.82049909e-06  3.06466442e-01 
 2.57598816e-06  1.06238427e-01  2.57598816e-06  3.06466442e-01 
 3.57598816e-06  1.06238427e-01  3.57598816e-06  3.06466442e-01 
 4.57598816e-06  1.06238427e-01  4.57598816e-06  3.06466442e-01 
 5.57598816e-06  1.06238427e-01  5.57598816e-06  3.06466442e-01 
 6.57598816e-06  1.06238427e-01  6.57598816e-06  3.06466442e-01 
 7.57598816e-06  1.06238427e-01  7.57598816e-06  3.06466442e-01 
 8.57598816e-06  1.06238427e-01  8.57598816e-06  3.06466442e-01 
 9.57598816e-06  1.06238427e-01  9.57598816e-06  3.06466442e-01 
 1.05759882e-05  1.06238427e-01  1.05759882e-05  3.06466442e-01 
 1.15759882e-05  1.06238427e-01  1.15759882e-05  3.06466442e-01 
 1.25759882e-05  1.06238427e-01  1.25759882e-05  3.06466442e-01 
 1.35759882e-05  1.06238427e-01  1.35759882e-05  3.06466442e-01 
 1.45759882e-05  1.06238427e-01  1.45759882e-05  3.06466442e-01 
 1.55759882e-05  1.06238427e-01  1.55759882e-05  3.06466442e-01 
 1.65759882e-05  1.06238427e-01  1.65759882e-05  3.06466442e-01 
 1.75759882e-05  1.06238427e-01  1.75759882e-05  3.06466442e-01 
 1.85759882e-05  1.06238427e-01  1.85759882e-05  3.06466442e-01 
 1.95759882e-05  1.06238427e-01  1.95759882e-05  3.06466442e-01 
 2.05759882e-05  1.06238427e-01  2.05759882e-05  3.06466442e-01 
 2.15759882e-05  1.06238427e-01  2.15759882e-05  3.06466442e-01 
 2.25759882e-05  1.06238427e-01  2.25759882e-05  3.06466442e-01 
 2.35759882e-05  1.06238427e-01  2.35759882e-05  3.06466442e-01 
 2.45759882e-05  1.06238427e-01  2.45759882e-05  3.06466442e-01 
 2.55759882e-05  1.06238427e-01  2.55759882e-05  3.06466442e-01 
 2.65759882e-05  1.06238427e-01  2.65759882e-05  3.06466442e-01 
 2.75759882e-05  1.06238427e-01  2.75759882e-05  3.06466442e-01 
 2.85759882e-05  1.06238427e-01  2.85759882e-05  3.06466442e-01 
 2.95759882e-05  1.06238427e-01  2.95759882e-05  3.06466442e-01 
 3.05759882e-05  1.06238427e-01  3.05759882e-05  3.06466442e-01 
 3.15759882e-05  1.06238427e-01  3.15759882e-05  3.06466442e-01 
 3.25759882e-05  1.06238427e-01  3.25759882e-05  3.06466442e-01 
 3.35759882e-05  1.06238427e-01  3.35759882e-05  3.06466442e-01 
 3.45759882e-05  1.06238427e-01  3.45759882e-05  3.06466442e-01 
 3.55759882e-05  1.06238427e-01  3.55759882e-05  3.06466442e-01 
 3.65759882e-05  1.06238427e-01  3.65759882e-05  3.06466442e-01 
 3.75759882e-05  1.06238427e-01  3.75759882e-05  3.06466442e-01 
 3.85759882e-05  1.06238427e-01  3.85759882e-05  3.06466442e-01 
 3.95759882e-05  1.06238427e-01  3.95759882e-05  3.06466442e-01 
 4.05759882e-05  1.06238427e-01  4.05759882e-05  3.06466442e-01 
 4.15759882e-05  1.06238427e-01  4.15759882e-05  3.06466442e-01 
 4.25759882e-05  1.06238427e-01  4.25759882e-05  3.06466442e-01 
 4.35759882e-05  1.06238427e-01  4.35759882e-05  3.06466442e-01 
 4.45759882e-05  1.06238427e-01  4.45759882e-05  3.06466442e-01 
 4.55759882e-05  1.06238427e-01  4.55759882e-05  3.06466442e-01 
 4.65759882e-05  1.06238427e-01  4.65759882e-05  3.06466442e-01 
 4.75759882e-05  1.06238427e-01  4.75759882e-05  3.06466442e-01 
 4.85759882e-05  1.06238427e-01  4.85759882e-05  3.06466442e-01 
 4.95759882e-05  1.06238427e-01  4.95759882e-05  3.06466442e-01 
 5.05759882e-05  1.06238427e-01  5.05759882e-05  3.06466442e-01 
 5.15759882e-05  1.06238427e-01  5.15759882e-05  3.06466442e-01 
 5.25759882e-05  1.06238427e-01  5.25759882e-05  3.06466442e-01 
 5.35759882e-05  1.06238427e-01  5.35759882e-05  3.06466442e-01 
 5.45759882e-05  1.06238427e-01  5.45759882e-05  3.06466442e-01 
 5.55759882e-05  1.06238427e-01  5.55759882e-05  3.06466442e-01 
 5.65759882e-05  1.06238427e-01  5.65759882e-05  3.06466442e-01 
 5.75759882e-05  1.06238427e-01  5.75759882e-05  3.06466442e-01 
 5.85759882e-05  1.06238427e-01  5.85759882e-05  3.06466442e-01 
 5.95759882e-05  1.06238427e-01  5.95759882e-05  3.06466442e-01 
 6.05759882e-05  1.06238427e-01  6.05759882e-05  3.06466442e-01 
 6.15759882e-05  1.06238427e-01  6.15759882e-05  3.06466442e-01 
 6.25759882e-05  1.06238427e-01  6.25759882e-05  3.06466442e-01 
 6.35759882e-05  1.06238427e-01  6.35759882e-05  3.06466442e-01 
 6.45759882e-05  1.06238427e-01  6.45759882e-05  3.06466442e-01 
 6.55759882e-05  1.06238427e-01  6.55759882e-05  3.06466442e-01 
 6.65759882e-05  1.06238427e-01  6.65759882e-05  3.06466442e-01 
 6.75759882e-05  1.06238427e-01  6.75759882e-05  3.06466442e-01 
 6.85759882e-05  1.06238427e-01  6.85759882e-05  3.06466442e-01 
 6.95759882e-05  1.06238427e-01  6.95759882e-05  3.06466442e-01 
 7.05759882e-05  1.06238427e-01  7.05759882e-05  3.06466442e-01 
 7.15759882e-05  1.06238427e-01  7.15759882e-05  3.06466442e-01 
 7.25759882e-05  1.06238427e-01  7.25759882e-05  3.06466442e-01 
 7.35759882e-05  1.06238427e-01  7.35759882e-05  3.06466442e-01 
 7.45759882e-05  1.06238427e-01  7.45759882e-05  3.06466442e-01 
 7.55759882e-05  1.06238427e-01  7.55759882e-05  3.06466442e-01 
 7.65759882e-05  1.06238427e-01  7.65759882e-05  3.06466442e-01 
 7.75759882e-05  1.06238427e-01  7.75759882e-05  3.06466442e-01 
 7.85759882e-05  1.06238427e-01  7.85759882e-05  3.06466442e-01 
 7.95759882e-05  1.06238427e-01  7.95759882e-05  3.06466442e-01 
 8.05759882e-05  1.06238427e-01  8.05759882e-05  3.06466442e-01 
 8.15759882e-05  1.06238427e-01  8.15759882e-05  3.06466442e-01 
 8.25759882e-05  1.06238427e-01  8.25759882e-05  3.06466442e-01 
 8.35759882e-05  1.06238427e-01  8.35759882e-05  3.06466442e-01 
 8.45759882e-05  1.06238427e-01  8.45759882e-05  3.06466442e-01 
 8.55759882e-05  1.06238427e-01  8.55759882e-05  3.06466442e-01 
 8.65759882e-05  1.06238427e-01  8.65759882e-05  3.06466442e-01 
 8.75759882e-05  1.06238427e-01  8.75759882e-05  3.06466442e-01 
 8.85759882e-05  1.06238427e-01  8.85759882e-05  3.06466442e-01 
 8.95759882e-05  1.06238427e-01  8.95759882e-05  3.06466442e-01 
 9.05759882e-05  1.06238427e-01  9.05759882e-05  3.06466442e-01 
 9.15759882e-05  1.06238427e-01  9.15759882e-05  3.06466442e-01 
 9.25759882e-05  1.06238427e-01  9.25759882e-05  3.06466442e-01 
 9.35759882e-05  1.06238427e-01  9.35759882e-05  3.06466442e-01 
 9.45759882e-05  1.06238427e-01  9.45759882e-05  3.06466442e-01 
 9.55759882e-05  1.06238427e-01  9.55759882e-05  3.06466442e-01 
 9.65759882e-05  1.06238427e-01  9.65759882e-05  3.06466442e-01 
 9.75759882e-05  1.06238427e-01  9.75759882e-05  3.06466442e-01 
 9.85759882e-05  1.06238427e-01  9.85759882e-05  3.06466442e-01 
 9.95759882e-05  1.06238427e-01  9.95759882e-05  3.06466442e-01 
 1.00575988e-04  1.06238427e-01  1.00575988e-04  3.06466442e-01 
 1.01575988e-04  1.06238427e-01  1.01575988e-04  3.06466442e-01 
 1.02575988e-04  1.06238427e-01  1.02575988e-04  3.06466442e-01 
 1.03575988e-04  1.06238427e-01  1.03575988e-04  3.06466442e-01 
 1.04575988e-04  1.06238427e-01  1.04575988e-04  3.06466442e-01 
 1.05575988e-04  1.06238427e-01  1.05575988e-04  3.06466442e-01 
 1.06575988e-04  1.06238427e-01  1.06575988e-04  3.06466442e-01 
 1.07575988e-04  1.06238427e-01  1.07575988e-04  3.06466442e-01 
 1.08575988e-04  1.06238427e-01  1.08575988e-04  3.06466442e-01 
 1.09575988e-04  1.06238427e-01  1.09575988e-04  3.06466442e-01 
 1.10575988e-04  1.06238427e-01  1.10575988e-04  3.06466442e-01 
 1.11575988e-04  1.06238427e-01  1.11575988e-04  3.06466442e-01 
 1.12575988e-04  1.06238427e-01  1.12575988e-04  3.06466442e-01 
 1.13575988e-04  1.06238427e-01  1.13575988e-04  3.06466442e-01 
 1.14575988e-04  1.06238427e-01  1.14575988e-04  3.06466442e-01 
 1.15575988e-04  1.06238427e-01  1.15575988e-04  3.06466442e-01 
 1.16575988e-04  1.06238427e-01  1.16575988e-04  3.06466442e-01 
 1.17575988e-04  1.06238427e-01  1.17575988e-04  3.06466442e-01 
 1.18575988e-04  1.06238427e-01  1.18575988e-04  3.06466442e-01 
 1.19575988e-04  1.06238427e-01  1.19575988e-04  3.06466442e-01 
 1.20575988e-04  1.06238427e-01  1.20575988e-04  3.06466442e-01 
 1.21575988e-04  1.06238427e-01  1.21575988e-04  3.06466442e-01 
 1.22575988e-04  1.06238427e-01  1.22575988e-04  3.06466442e-01 
 1.23575988e-04  1.06238427e-01  1.23575988e-04  3.06466442e-01 
 1.24575988e-04  1.06238427e-01  1.24575988e-04  3.06466442e-01 
 1.25575988e-04  1.06238427e-01  1.25575988e-04  3.06466442e-01 
 1.26575988e-04  1.06238427e-01  1.26575988e-04  3.06466442e-01 
 1.27575988e-04  1.06238427e-01  1.27575988e-04  3.06466442e-01 
 1.28575988e-04  1.06238427e-01  1.28575988e-04  3.06466442e-01 
 1.29575988e-04  1.06238427e-01  1.29575988e-04  3.06466442e-01 
 1.30575988e-04  1.06238427e-01  1.30575988e-04  3.06466442e-01 
 1.31575988e-04  1.06238427e-01  1.31575988e-04  3.06466442e-01 
 1.32575988e-04  1.06238427e-01  1.32575988e-04  3.06466442e-01 
 1.33575988e-04  1.06238427e-01  1.33575988e-04  3.06466442e-01 
 1.34575988e-04  1.06238427e-01  1.34575988e-04  3.06466442e-01 
 1.35575988e-04  1.06238427e-01  1.35575988e-04  3.06466442e-01 
 1.36575988e-04  1.06238427e-01  1.36575988e-04  3.06466442e-01 
 1.37575988e-04  1.06238427e-01  1.37575988e-04  3.06466442e-01 
 1.38575988e-04  1.06238427e-01  1.38575988e-04  3.06466442e-01 
 1.39575988e-04  1.06238427e-01  1.39575988e-04  3.06466442e-01 
 1.40575988e-04  1.06238427e-01  1.40575988e-04  3.06466442e-01 
 1.41575988e-04  1.06238427e-01  1.41575988e-04  3.06466442e-01 
 1.42575988e-04  1.06238427e-01  1.42575988e-04  3.06466442e-01 
 1.43575988e-04  1.06238427e-01  1.43575988e-04  3.06466442e-01 
 1.44575988e-04  1.06238427e-01  1.44575988e-04  3.06466442e-01 
 1.45575988e-04  1.06238427e-01  1.45575988e-04  3.06466442e-01 
 1.46575988e-04  1.06238427e-01  1.46575988e-04  3.06466442e-01 
 1.47575988e-04  1.06238427e-01  1.47575988e-04  3.06466442e-01 
 1.48575988e-04  1.06238427e-01  1.48575988e-04  3.06466442e-01 
 1.49575988e-04  1.06238427e-01  1.49575988e-04  3.06466442e-01 
 1.50575988e-04  1.06238427e-01  1.50575988e-04  3.06466442e-01 
 1.51575988e-04  1.06238427e-01  1.51575988e-04  3.06466442e-01 
 1.52575988e-04  1.06238427e-01  1.52575988e-04  3.06466442e-01 
 1.53575988e-04  1.06238427e-01  1.53575988e-04  3.06466442e-01 
 1.54575988e-04  1.06238427e-01  1.54575988e-04  3.06466442e-01 
 1.55575988e-04  1.06238427e-01  1.55575988e-04  3.06466442e-01 
 1.56575988e-04  1.06238427e-01  1.56575988e-04  3.06466442e-01 
 1.57575988e-04  1.06238427e-01  1.57575988e-04  3.06466442e-01 
 1.58575988e-04  1.06238427e-01  1.58575988e-04  3.06466442e-01 
 1.59575988e-04  1.06238427e-01  1.59575988e-04  3.06466442e-01 
 1.60575988e-04  1.06238427e-01  1.60575988e-04  3.06466442e-01 
 1.61575988e-04  1.06238427e-01  1.61575988e-04  3.06466442e-01 
 1.62575988e-04  1.06238427e-01  1.62575988e-04  3.06466442e-01 
 1.63575988e-04  1.06238427e-01  1.63575988e-04  3.06466442e-01 
 1.64575988e-04  1.06238427e-01  1.64575988e-04  3.06466442e-01 
 1.65575988e-04  1.06238427e-01  1.65575988e-04  3.06466442e-01 
 1.66575988e-04  1.06238427e-01  1.66575988e-04  3.06466442e-01 
 1.67575988e-04  1.06238427e-01  1.67575988e-04  3.06466442e-01 
 1.68575988e-04  1.06238427e-01  1.68575988e-04  3.06466442e-01 
 1.69575988e-04  1.06238427e-01  1.69575988e-04  3.06466442e-01 
 1.70575988e-04  1.06238427e-01  1.70575988e-04  3.06466442e-01 
 1.71575988e-04  1.06238427e-01  1.71575988e-04  3.06466442e-01 
 1.72575988e-04  1.06238427e-01  1.72575988e-04  3.06466442e-01 
 1.73575988e-04  1.06238427e-01  1.73575988e-04  3.06466442e-01 
 1.74575988e-04  1.06238427e-01  1.74575988e-04  3.06466442e-01 
 1.75575988e-04  1.06238427e-01  1.75575988e-04  3.06466442e-01 
 1.76575988e-04  1.06238427e-01  1.76575988e-04  3.06466442e-01 
 1.77575988e-04  1.06238427e-01  1.77575988e-04  3.06466442e-01 
 1.78575988e-04  1.06238427e-01  1.78575988e-04  3.06466442e-01 
 1.79575988e-04  1.06238427e-01  1.79575988e-04  3.06466442e-01 
 1.80575988e-04  1.06238427e-01  1.80575988e-04  3.06466442e-01 
 1.81575988e-04  1.06238427e-01  1.81575988e-04  3.06466442e-01 
 1.82575988e-04  1.06238427e-01  1.82575988e-04  3.06466442e-01 
 1.83575988e-04  1.06238427e-01  1.83575988e-04  3.06466442e-01 
 1.84575988e-04  1.06238427e-01  1.84575988e-04  3.06466442e-01 
 1.85575988e-04  1.06238427e-01  1.85575988e-04  3.06466442e-01 
 1.86575988e-04  1.06238427e-01  1.86575988e-04  3.06466442e-01 
 1.87575988e-04  1.06238427e-01  1.87575988e-04  3.06466442e-01 
 1.88575988e-04  1.06238427e-01  1.88575988e-04  3.06466442e-01 
 1.89575988e-04  1.06238427e-01  1.89575988e-04  3.06466442e-01 
 1.90575988e-04  1.06238427e-01  1.90575988e-04  3.06466442e-01 
 1.91575988e-04  1.06238427e-01  1.91575988e-04  3.06466442e-01 
 1.92575988e-04  1.06238427e-01  1.92575988e-04  3.06466442e-01 
 1.93575988e-04  1.06238427e-01  1.93575988e-04  3.06466442e-01 
 1.94575988e-04  1.06238427e-01  1.94575988e-04  3.06466442e-01 
 1.95575988e-04  1.06238427e-01  1.95575988e-04  3.06466442e-01 
 1.96575988e-04  1.06238427e-01  1.96575988e-04  3.06466442e-01 
 1.97575988e-04  1.06238427e-01  1.97575988e-04  3.06466442e-01 
 1.98575988e-04  1.06238427e-01  1.98575988e-04  3.06466442e-01 
 1.99575988e-04  1.06238427e-01  1.99575988e-04  3.06466442e-01 
 2.00575988e-04  1.06238427e-01  2.00575988e-04  3.06466442e-01 
 2.01000001e-04  1.06238427e-01  2.01000001e-04  3.06466442e-01 
 2.01000001e-04  1.06238427e-01  2.01000001e-04  3.06466442e-01 
 2.01000001e-04  1.06238427e-01  2.01000001e-04  3.06466442e-01 
 2.01000002e-04  1.06238427e-01  2.01000002e-04  3.06466442e-01 
 2.01000002e-04  1.06238427e-01  2.01000002e-04  3.06466442e-01 
 2.01000002e-04  1.06238427e-01  2.01000002e-04  3.06466442e-01 
 2.01000002e-04  1.06238427e-01  2.01000002e-04  3.06466442e-01 
 2.01000003e-04  1.06238427e-01  2.01000003e-04  3.06466442e-01 
 2.01000003e-04  1.06238427e-01  2.01000003e-04  3.06466442e-01 
 2.01000004e-04  1.06238427e-01  2.01000004e-04  3.06466442e-01 
 2.01000007e-04  1.06238427e-01  2.01000007e-04  3.06466442e-01 
 2.01000012e-04  1.06238427e-01  2.01000012e-04  3.06466442e-01 
 2.01000022e-04  1.06238427e-01  2.01000022e-04  3.06466442e-01 
 2.01000043e-04  1.06238427e-01  2.01000043e-04  3.06466442e-01 
 2.01000084e-04  1.06238427e-01  2.01000084e-04  3.06466442e-01 
 2.01000166e-04  1.06238427e-01  2.01000166e-04  3.06466442e-01 
 2.01000330e-04  1.06238427e-01  2.01000330e-04  3.06466442e-01 
 2.01000657e-04  1.06238427e-01  2.01000657e-04  3.06466442e-01 
 2.01001313e-04  1.06238427e-01  2.01001313e-04  3.06466442e-01 
 2.01002623e-04  1.06238427e-01  2.01002623e-04  3.06466442e-01 
 2.01005245e-04  1.06238427e-01  2.01005245e-04  3.06466442e-01 
 2.01010488e-04  1.06238427e-01  2.01010488e-04  3.06466442e-01 
 2.01020252e-04  1.06238427e-01  2.01020252e-04  3.06466442e-01 
 2.01039782e-04  1.06238427e-01  2.01039782e-04  3.06466442e-01 
 2.01071612e-04  1.06238427e-01  2.01071612e-04  3.06466442e-01 
 2.01115433e-04  1.06238427e-01  2.01115433e-04  3.06466442e-01 
 2.01161080e-04  1.06238427e-01  2.01161080e-04  3.06466442e-01 
 2.01240683e-04  1.06238427e-01  2.01240683e-04  3.06466442e-01 
 2.01315857e-04  1.06238427e-01  2.01315857e-04  3.06466442e-01 
 2.01453624e-04  1.06238427e-01  2.01453624e-04  3.06466442e-01 
 2.01729158e-04  1.06238427e-01  2.01729158e-04  3.06466442e-01 
 2.02280228e-04  1.06238427e-01  2.02280228e-04  3.06466442e-01 
 2.02953407e-04  1.06238427e-01  2.02953407e-04  3.06466442e-01 
 2.03921753e-04  1.06238427e-01  2.03921753e-04  3.06466442e-01 
 2.04921753e-04  1.06238427e-01  2.04921753e-04  3.06466442e-01 
 2.05921753e-04  1.06238427e-01  2.05921753e-04  3.06466442e-01 
 2.06921753e-04  1.06238427e-01  2.06921753e-04  3.06466442e-01 
 2.07921753e-04  1.06238427e-01  2.07921753e-04  3.06466442e-01 
 2.08921753e-04  1.06238427e-01  2.08921753e-04  3.06466442e-01 
 2.09921753e-04  1.06238427e-01  2.09921753e-04  3.06466442e-01 
 2.10921753e-04  1.06238427e-01  2.10921753e-04  3.06466442e-01 
 2.11921753e-04  1.06238427e-01  2.11921753e-04  3.06466442e-01 
 2.12921753e-04  1.06238427e-01  2.12921753e-04  3.06466442e-01 
 2.13921753e-04  1.06238427e-01  2.13921753e-04  3.06466442e-01 
 2.14921753e-04  1.06238427e-01  2.14921753e-04  3.06466442e-01 
 2.15921753e-04  1.06238427e-01  2.15921753e-04  3.06466442e-01 
 2.16921753e-04  1.06238427e-01  2.16921753e-04  3.06466442e-01 
 2.17921753e-04  1.06238427e-01  2.17921753e-04  3.06466442e-01 
 2.18921753e-04  1.06238427e-01  2.18921753e-04  3.06466442e-01 
 2.19921753e-04  1.06238427e-01  2.19921753e-04  3.06466442e-01 
 2.20921753e-04  1.06238427e-01  2.20921753e-04  3.06466442e-01 
 2.21921753e-04  1.06238427e-01  2.21921753e-04  3.06466442e-01 
 2.22921753e-04  1.06238427e-01  2.22921753e-04  3.06466442e-01 
 2.23921753e-04  1.06238427e-01  2.23921753e-04  3.06466442e-01 
 2.24921753e-04  1.06238427e-01  2.24921753e-04  3.06466442e-01 
 2.25921753e-04  1.06238427e-01  2.25921753e-04  3.06466442e-01 
 2.26921753e-04  1.06238427e-01  2.26921753e-04  3.06466442e-01 
 2.27921753e-04  1.06238427e-01  2.27921753e-04  3.06466442e-01 
 2.28921753e-04  1.06238427e-01  2.28921753e-04  3.06466442e-01 
 2.29921753e-04  1.06238427e-01  2.29921753e-04  3.06466442e-01 
 2.30921753e-04  1.06238427e-01  2.30921753e-04  3.06466442e-01 
 2.31921753e-04  1.06238427e-01  2.31921753e-04  3.06466442e-01 
 2.32921753e-04  1.06238427e-01  2.32921753e-04  3.06466442e-01 
 2.33921753e-04  1.06238427e-01  2.33921753e-04  3.06466442e-01 
 2.34921753e-04  1.06238427e-01  2.34921753e-04  3.06466442e-01 
 2.35921753e-04  1.06238427e-01  2.35921753e-04  3.06466442e-01 
 2.36921753e-04  1.06238427e-01  2.36921753e-04  3.06466442e-01 
 2.37921753e-04  1.06238427e-01  2.37921753e-04  3.06466442e-01 
 2.38921753e-04  1.06238427e-01  2.38921753e-04  3.06466442e-01 
 2.39921753e-04  1.06238427e-01  2.39921753e-04  3.06466442e-01 
 2.40921753e-04  1.06238427e-01  2.40921753e-04  3.06466442e-01 
 2.41921753e-04  1.06238427e-01  2.41921753e-04  3.06466442e-01 
 2.42921753e-04  1.06238427e-01  2.42921753e-04  3.06466442e-01 
 2.43921753e-04  1.06238427e-01  2.43921753e-04  3.06466442e-01 
 2.44921753e-04  1.06238427e-01  2.44921753e-04  3.06466442e-01 
 2.45921753e-04  1.06238427e-01  2.45921753e-04  3.06466442e-01 
 2.46921753e-04  1.06238427e-01  2.46921753e-04  3.06466442e-01 
 2.47921753e-04  1.06238427e-01  2.47921753e-04  3.06466442e-01 
 2.48921753e-04  1.06238427e-01  2.48921753e-04  3.06466442e-01 
 2.49921753e-04  1.06238427e-01  2.49921753e-04  3.06466442e-01 
 2.50921753e-04  1.06238427e-01  2.50921753e-04  3.06466442e-01 
 2.51921753e-04  1.06238427e-01  2.51921753e-04  3.06466442e-01 
 2.52921753e-04  1.06238427e-01  2.52921753e-04  3.06466442e-01 
 2.53921753e-04  1.06238427e-01  2.53921753e-04  3.06466442e-01 
 2.54921753e-04  1.06238427e-01  2.54921753e-04  3.06466442e-01 
 2.55921753e-04  1.06238427e-01  2.55921753e-04  3.06466442e-01 
 2.56921753e-04  1.06238427e-01  2.56921753e-04  3.06466442e-01 
 2.57921753e-04  1.06238427e-01  2.57921753e-04  3.06466442e-01 
 2.58921753e-04  1.06238427e-01  2.58921753e-04  3.06466442e-01 
 2.59921753e-04  1.06238427e-01  2.59921753e-04  3.06466442e-01 
 2.60921753e-04  1.06238427e-01  2.60921753e-04  3.06466442e-01 
 2.61921753e-04  1.06238427e-01  2.61921753e-04  3.06466442e-01 
 2.62921753e-04  1.06238427e-01  2.62921753e-04  3.06466442e-01 
 2.63921753e-04  1.06238427e-01  2.63921753e-04  3.06466442e-01 
 2.64921753e-04  1.06238427e-01  2.64921753e-04  3.06466442e-01 
 2.65921753e-04  1.06238427e-01  2.65921753e-04  3.06466442e-01 
 2.66921753e-04  1.06238427e-01  2.66921753e-04  3.06466442e-01 
 2.67921753e-04  1.06238427e-01  2.67921753e-04  3.06466442e-01 
 2.68921753e-04  1.06238427e-01  2.68921753e-04  3.06466442e-01 
 2.69921753e-04  1.06238427e-01  2.69921753e-04  3.06466442e-01 
 2.70921753e-04  1.06238427e-01  2.70921753e-04  3.06466442e-01 
 2.71921753e-04  1.06238427e-01  2.71921753e-04  3.06466442e-01 
 2.72921753e-04  1.06238427e-01  2.72921753e-04  3.06466442e-01 
 2.73921753e-04  1.06238427e-01  2.73921753e-04  3.06466442e-01 
 2.74921753e-04  1.06238427e-01  2.74921753e-04  3.06466442e-01 
 2.75921753e-04  1.06238427e-01  2.75921753e-04  3.06466442e-01 
 2.76921753e-04  1.06238427e-01  2.76921753e-04  3.06466442e-01 
 2.77921753e-04  1.06238427e-01  2.77921753e-04  3.06466442e-01 
 2.78921753e-04  1.06238427e-01  2.78921753e-04  3.06466442e-01 
 2.79921753e-04  1.06238427e-01  2.79921753e-04  3.06466442e-01 
 2.80921753e-04  1.06238427e-01  2.80921753e-04  3.06466442e-01 
 2.81921753e-04  1.06238427e-01  2.81921753e-04  3.06466442e-01 
 2.82921753e-04  1.06238427e-01  2.82921753e-04  3.06466442e-01 
 2.83921753e-04  1.06238427e-01  2.83921753e-04  3.06466442e-01 
 2.84921753e-04  1.06238427e-01  2.84921753e-04  3.06466442e-01 
 2.85921753e-04  1.06238427e-01  2.85921753e-04  3.06466442e-01 
 2.86921753e-04  1.06238427e-01  2.86921753e-04  3.06466442e-01 
 2.87921753e-04  1.06238427e-01  2.87921753e-04  3.06466442e-01 
 2.88921753e-04  1.06238427e-01  2.88921753e-04  3.06466442e-01 
 2.89921753e-04  1.06238427e-01  2.89921753e-04  3.06466442e-01 
 2.90921753e-04  1.06238427e-01  2.90921753e-04  3.06466442e-01 
 2.91921753e-04  1.06238427e-01  2.91921753e-04  3.06466442e-01 
 2.92921753e-04  1.06238427e-01  2.92921753e-04  3.06466442e-01 
 2.93921753e-04  1.06238427e-01  2.93921753e-04  3.06466442e-01 
 2.94921753e-04  1.06238427e-01  2.94921753e-04  3.06466442e-01 
 2.95921753e-04  1.06238427e-01  2.95921753e-04  3.06466442e-01 
 2.96921753e-04  1.06238427e-01  2.96921753e-04  3.06466442e-01 
 2.97921753e-04  1.06238427e-01  2.97921753e-04  3.06466442e-01 
 2.98921753e-04  1.06238427e-01  2.98921753e-04  3.06466442e-01 
 2.99921753e-04  1.06238427e-01  2.99921753e-04  3.06466442e-01 
 3.00921753e-04  1.06238427e-01  3.00921753e-04  3.06466442e-01 
 3.01921753e-04  1.06238427e-01  3.01921753e-04  3.06466442e-01 
 3.02921753e-04  1.06238427e-01  3.02921753e-04  3.06466442e-01 
 3.03921753e-04  1.06238427e-01  3.03921753e-04  3.06466442e-01 
 3.04921753e-04  1.06238427e-01  3.04921753e-04  3.06466442e-01 
 3.05921753e-04  1.06238427e-01  3.05921753e-04  3.06466442e-01 
 3.06921753e-04  1.06238427e-01  3.06921753e-04  3.06466442e-01 
 3.07921753e-04  1.06238427e-01  3.07921753e-04  3.06466442e-01 
 3.08921753e-04  1.06238427e-01  3.08921753e-04  3.06466442e-01 
 3.09921753e-04  1.06238427e-01  3.09921753e-04  3.06466442e-01 
 3.10921753e-04  1.06238427e-01  3.10921753e-04  3.06466442e-01 
 3.11921753e-04  1.06238427e-01  3.11921753e-04  3.06466442e-01 
 3.12921753e-04  1.06238427e-01  3.12921753e-04  3.06466442e-01 
 3.13921753e-04  1.06238427e-01  3.13921753e-04  3.06466442e-01 
 3.14921753e-04  1.06238427e-01  3.14921753e-04  3.06466442e-01 
 3.15921753e-04  1.06238427e-01  3.15921753e-04  3.06466442e-01 
 3.16921753e-04  1.06238427e-01  3.16921753e-04  3.06466442e-01 
 3.17921753e-04  1.06238427e-01  3.17921753e-04  3.06466442e-01 
 3.18921753e-04  1.06238427e-01  3.18921753e-04  3.06466442e-01 
 3.19921753e-04  1.06238427e-01  3.19921753e-04  3.06466442e-01 
 3.20921753e-04  1.06238427e-01  3.20921753e-04  3.06466442e-01 
 3.21921753e-04  1.06238427e-01  3.21921753e-04  3.06466442e-01 
 3.22921753e-04  1.06238427e-01  3.22921753e-04  3.06466442e-01 
 3.23921753e-04  1.06238427e-01  3.23921753e-04  3.06466442e-01 
 3.24921753e-04  1.06238427e-01  3.24921753e-04  3.06466442e-01 
 3.25921753e-04  1.06238427e-01  3.25921753e-04  3.06466442e-01 
 3.26921753e-04  1.06238427e-01  3.26921753e-04  3.06466442e-01 
 3.27921753e-04  1.06238427e-01  3.27921753e-04  3.06466442e-01 
 3.28921753e-04  1.06238427e-01  3.28921753e-04  3.06466442e-01 
 3.29921753e-04  1.06238427e-01  3.29921753e-04  3.06466442e-01 
 3.30921753e-04  1.06238427e-01  3.30921753e-04  3.06466442e-01 
 3.31921753e-04  1.06238427e-01  3.31921753e-04  3.06466442e-01 
 3.32921753e-04  1.06238427e-01  3.32921753e-04  3.06466442e-01 
 3.33921753e-04  1.06238427e-01  3.33921753e-04  3.06466442e-01 
 3.34921753e-04  1.06238427e-01  3.34921753e-04  3.06466442e-01 
 3.35921753e-04  1.06238427e-01  3.35921753e-04  3.06466442e-01 
 3.36921753e-04  1.06238427e-01  3.36921753e-04  3.06466442e-01 
 3.37921753e-04  1.06238427e-01  3.37921753e-04  3.06466442e-01 
 3.38921753e-04  1.06238427e-01  3.38921753e-04  3.06466442e-01 
 3.39921753e-04  1.06238427e-01  3.39921753e-04  3.06466442e-01 
 3.40921753e-04  1.06238427e-01  3.40921753e-04  3.06466442e-01 
 3.41921753e-04  1.06238427e-01  3.41921753e-04  3.06466442e-01 
 3.42921753e-04  1.06238427e-01  3.42921753e-04  3.06466442e-01 
 3.43921753e-04  1.06238427e-01  3.43921753e-04  3.06466442e-01 
 3.44921753e-04  1.06238427e-01  3.44921753e-04  3.06466442e-01 
 3.45921753e-04  1.06238427e-01  3.45921753e-04  3.06466442e-01 
 3.46921753e-04  1.06238427e-01  3.46921753e-04  3.06466442e-01 
 3.47921753e-04  1.06238427e-01  3.47921753e-04  3.06466442e-01 
 3.48921753e-04  1.06238427e-01  3.48921753e-04  3.06466442e-01 
 3.49921753e-04  1.06238427e-01  3.49921753e-04  3.06466442e-01 
 3.50921753e-04  1.06238427e-01  3.50921753e-04  3.06466442e-01 
 3.51921753e-04  1.06238427e-01  3.51921753e-04  3.06466442e-01 
 3.52921753e-04  1.06238427e-01  3.52921753e-04  3.06466442e-01 
 3.53921753e-04  1.06238427e-01  3.53921753e-04  3.06466442e-01 
 3.54921753e-04  1.06238427e-01  3.54921753e-04  3.06466442e-01 
 3.55921753e-04  1.06238427e-01  3.55921753e-04  3.06466442e-01 
 3.56921753e-04  1.06238427e-01  3.56921753e-04  3.06466442e-01 
 3.57921753e-04  1.06238427e-01  3.57921753e-04  3.06466442e-01 
 3.58921753e-04  1.06238427e-01  3.58921753e-04  3.06466442e-01 
 3.59921753e-04  1.06238427e-01  3.59921753e-04  3.06466442e-01 
 3.60921753e-04  1.06238427e-01  3.60921753e-04  3.06466442e-01 
 3.61921753e-04  1.06238427e-01  3.61921753e-04  3.06466442e-01 
 3.62921753e-04  1.06238427e-01  3.62921753e-04  3.06466442e-01 
 3.63921753e-04  1.06238427e-01  3.63921753e-04  3.06466442e-01 
 3.64921753e-04  1.06238427e-01  3.64921753e-04  3.06466442e-01 
 3.65921753e-04  1.06238427e-01  3.65921753e-04  3.06466442e-01 
 3.66921753e-04  1.06238427e-01  3.66921753e-04  3.06466442e-01 
 3.67921753e-04  1.06238427e-01  3.67921753e-04  3.06466442e-01 
 3.68921753e-04  1.06238427e-01  3.68921753e-04  3.06466442e-01 
 3.69921753e-04  1.06238427e-01  3.69921753e-04  3.06466442e-01 
 3.70921753e-04  1.06238427e-01  3.70921753e-04  3.06466442e-01 
 3.71921753e-04  1.06238427e-01  3.71921753e-04  3.06466442e-01 
 3.72921753e-04  1.06238427e-01  3.72921753e-04  3.06466442e-01 
 3.73921753e-04  1.06238427e-01  3.73921753e-04  3.06466442e-01 
 3.74921753e-04  1.06238427e-01  3.74921753e-04  3.06466442e-01 
 3.75921753e-04  1.06238427e-01  3.75921753e-04  3.06466442e-01 
 3.76921753e-04  1.06238427e-01  3.76921753e-04  3.06466442e-01 
 3.77921753e-04  1.06238427e-01  3.77921753e-04  3.06466442e-01 
 3.78921753e-04  1.06238427e-01  3.78921753e-04  3.06466442e-01 
 3.79921753e-04  1.06238427e-01  3.79921753e-04  3.06466442e-01 
 3.80921753e-04  1.06238427e-01  3.80921753e-04  3.06466442e-01 
 3.81921753e-04  1.06238427e-01  3.81921753e-04  3.06466442e-01 
 3.82921753e-04  1.06238427e-01  3.82921753e-04  3.06466442e-01 
 3.83921753e-04  1.06238427e-01  3.83921753e-04  3.06466442e-01 
 3.84921753e-04  1.06238427e-01  3.84921753e-04  3.06466442e-01 
 3.85921753e-04  1.06238427e-01  3.85921753e-04  3.06466442e-01 
 3.86921753e-04  1.06238427e-01  3.86921753e-04  3.06466442e-01 
 3.87921753e-04  1.06238427e-01  3.87921753e-04  3.06466442e-01 
 3.88921753e-04  1.06238427e-01  3.88921753e-04  3.06466442e-01 
 3.89921753e-04  1.06238427e-01  3.89921753e-04  3.06466442e-01 
 3.90921753e-04  1.06238427e-01  3.90921753e-04  3.06466442e-01 
 3.91921753e-04  1.06238427e-01  3.91921753e-04  3.06466442e-01 
 3.92921753e-04  1.06238427e-01  3.92921753e-04  3.06466442e-01 
 3.93921753e-04  1.06238427e-01  3.93921753e-04  3.06466442e-01 
 3.94921753e-04  1.06238427e-01  3.94921753e-04  3.06466442e-01 
 3.95921753e-04  1.06238427e-01  3.95921753e-04  3.06466442e-01 
 3.96921753e-04  1.06238427e-01  3.96921753e-04  3.06466442e-01 
 3.97921753e-04  1.06238427e-01  3.97921753e-04  3.06466442e-01 
 3.98921753e-04  1.06238427e-01  3.98921753e-04  3.06466442e-01 
 3.99921753e-04  1.06238427e-01  3.99921753e-04  3.06466442e-01 
 4.00921753e-04  1.06238427e-01  4.00921753e-04  3.06466442e-01 
 4.01000000e-04  1.06238427e-01  4.01000000e-04  3.06466442e-01 
