 0.00000000e+00  1.05733952e+00  0.00000000e+00  9.80392157e-01 
 1.00000000e-08  1.05733952e+00  1.00000000e-08  9.80392157e-01 
 2.00000000e-08  1.05733952e+00  2.00000000e-08  9.80392157e-01 
 4.00000000e-08  1.05733952e+00  4.00000000e-08  9.80392157e-01 
 8.00000000e-08  1.05733952e+00  8.00000000e-08  9.80392157e-01 
 1.60000000e-07  1.05733952e+00  1.60000000e-07  9.80392157e-01 
 3.20000000e-07  1.05733952e+00  3.20000000e-07  9.80392157e-01 
 6.40000000e-07  1.05733952e+00  6.40000000e-07  9.80392157e-01 
 1.00000000e-06  1.05733952e+00  1.00000000e-06  9.80392157e-01 
 1.00000010e-06  1.05733952e+00  1.00000010e-06  9.80392157e-01 
 1.00000030e-06  1.05733952e+00  1.00000030e-06  9.80392157e-01 
 1.00000070e-06  1.05733952e+00  1.00000070e-06  9.80392157e-01 
 1.00000100e-06  1.05733952e+00  1.00000100e-06  9.80392157e-01 
 1.00000108e-06  1.05733952e+00  1.00000108e-06  9.80392157e-01 
 1.00000124e-06  1.05733952e+00  1.00000124e-06  9.80392157e-01 
 1.00000156e-06  1.05733952e+00  1.00000156e-06  9.80392157e-01 
 1.00000220e-06  1.05733952e+00  1.00000220e-06  9.80392157e-01 
 1.00000348e-06  1.05733952e+00  1.00000348e-06  9.80392157e-01 
 1.00000604e-06  1.05733952e+00  1.00000604e-06  9.80392157e-01 
 1.00001116e-06  1.05733952e+00  1.00001116e-06  9.80392157e-01 
 1.00002140e-06  1.05733952e+00  1.00002140e-06  9.80392157e-01 
 1.00004188e-06  1.05733952e+00  1.00004188e-06  9.80392157e-01 
 1.00008284e-06  1.05733952e+00  1.00008284e-06  9.80392157e-01 
 1.00016476e-06  1.05733952e+00  1.00016476e-06  9.80392157e-01 
 1.00032860e-06  1.05733952e+00  1.00032860e-06  9.80392157e-01 
 1.00065628e-06  1.05733952e+00  1.00065628e-06  9.80392157e-01 
 1.00131164e-06  1.05733952e+00  1.00131164e-06  9.80392157e-01 
 1.00262236e-06  1.05733952e+00  1.00262236e-06  9.80392157e-01 
 1.00524380e-06  1.05733952e+00  1.00524380e-06  9.80392157e-01 
 1.01048668e-06  1.05733952e+00  1.01048668e-06  9.80392157e-01 
 1.02097244e-06  1.05733952e+00  1.02097244e-06  9.80392157e-01 
 1.04194396e-06  1.05733952e+00  1.04194396e-06  9.80392157e-01 
 1.08388700e-06  1.05733952e+00  1.08388700e-06  9.80392157e-01 
 1.15173524e-06  1.05733952e+00  1.15173524e-06  9.80392157e-01 
 1.23569658e-06  1.05733952e+00  1.23569658e-06  9.80392157e-01 
 1.36027012e-06  1.05733952e+00  1.36027012e-06  9.80392157e-01 
 1.51169961e-06  1.05733952e+00  1.51169961e-06  9.80392157e-01 
 1.68084306e-06  1.05733952e+00  1.68084306e-06  9.80392157e-01 
 1.94702957e-06  1.05733952e+00  1.94702957e-06  9.80392157e-01 
 2.22437049e-06  1.05733952e+00  2.22437049e-06  9.80392157e-01 
 2.77905231e-06  1.05733952e+00  2.77905231e-06  9.80392157e-01 
 3.77905231e-06  1.05733952e+00  3.77905231e-06  9.80392157e-01 
 4.77905231e-06  1.05733952e+00  4.77905231e-06  9.80392157e-01 
 5.77905231e-06  1.05733952e+00  5.77905231e-06  9.80392157e-01 
 6.77905231e-06  1.05733952e+00  6.77905231e-06  9.80392157e-01 
 7.77905231e-06  1.05733952e+00  7.77905231e-06  9.80392157e-01 
 8.77905231e-06  1.05733952e+00  8.77905231e-06  9.80392157e-01 
 9.77905231e-06  1.05733952e+00  9.77905231e-06  9.80392157e-01 
 1.07790523e-05  1.05733952e+00  1.07790523e-05  9.80392157e-01 
 1.17790523e-05  1.05733952e+00  1.17790523e-05  9.80392157e-01 
 1.27790523e-05  1.05733952e+00  1.27790523e-05  9.80392157e-01 
 1.37790523e-05  1.05733952e+00  1.37790523e-05  9.80392157e-01 
 1.47790523e-05  1.05733952e+00  1.47790523e-05  9.80392157e-01 
 1.57790523e-05  1.05733952e+00  1.57790523e-05  9.80392157e-01 
 1.67790523e-05  1.05733952e+00  1.67790523e-05  9.80392157e-01 
 1.77790523e-05  1.05733952e+00  1.77790523e-05  9.80392157e-01 
 1.87790523e-05  1.05733952e+00  1.87790523e-05  9.80392157e-01 
 1.97790523e-05  1.05733952e+00  1.97790523e-05  9.80392157e-01 
 2.07790523e-05  1.05733952e+00  2.07790523e-05  9.80392157e-01 
 2.17790523e-05  1.05733952e+00  2.17790523e-05  9.80392157e-01 
 2.27790523e-05  1.05733952e+00  2.27790523e-05  9.80392157e-01 
 2.37790523e-05  1.05733952e+00  2.37790523e-05  9.80392157e-01 
 2.47790523e-05  1.05733952e+00  2.47790523e-05  9.80392157e-01 
 2.57790523e-05  1.05733952e+00  2.57790523e-05  9.80392157e-01 
 2.67790523e-05  1.05733952e+00  2.67790523e-05  9.80392157e-01 
 2.77790523e-05  1.05733952e+00  2.77790523e-05  9.80392157e-01 
 2.87790523e-05  1.05733952e+00  2.87790523e-05  9.80392157e-01 
 2.97790523e-05  1.05733952e+00  2.97790523e-05  9.80392157e-01 
 3.07790523e-05  1.05733952e+00  3.07790523e-05  9.80392157e-01 
 3.17790523e-05  1.05733952e+00  3.17790523e-05  9.80392157e-01 
 3.27790523e-05  1.05733952e+00  3.27790523e-05  9.80392157e-01 
 3.37790523e-05  1.05733952e+00  3.37790523e-05  9.80392157e-01 
 3.47790523e-05  1.05733952e+00  3.47790523e-05  9.80392157e-01 
 3.57790523e-05  1.05733952e+00  3.57790523e-05  9.80392157e-01 
 3.67790523e-05  1.05733952e+00  3.67790523e-05  9.80392157e-01 
 3.77790523e-05  1.05733952e+00  3.77790523e-05  9.80392157e-01 
 3.87790523e-05  1.05733952e+00  3.87790523e-05  9.80392157e-01 
 3.97790523e-05  1.05733952e+00  3.97790523e-05  9.80392157e-01 
 4.07790523e-05  1.05733952e+00  4.07790523e-05  9.80392157e-01 
 4.17790523e-05  1.05733952e+00  4.17790523e-05  9.80392157e-01 
 4.27790523e-05  1.05733952e+00  4.27790523e-05  9.80392157e-01 
 4.37790523e-05  1.05733952e+00  4.37790523e-05  9.80392157e-01 
 4.47790523e-05  1.05733952e+00  4.47790523e-05  9.80392157e-01 
 4.57790523e-05  1.05733952e+00  4.57790523e-05  9.80392157e-01 
 4.67790523e-05  1.05733952e+00  4.67790523e-05  9.80392157e-01 
 4.77790523e-05  1.05733952e+00  4.77790523e-05  9.80392157e-01 
 4.87790523e-05  1.05733952e+00  4.87790523e-05  9.80392157e-01 
 4.97790523e-05  1.05733952e+00  4.97790523e-05  9.80392157e-01 
 5.07790523e-05  1.05733952e+00  5.07790523e-05  9.80392157e-01 
 5.17790523e-05  1.05733952e+00  5.17790523e-05  9.80392157e-01 
 5.27790523e-05  1.05733952e+00  5.27790523e-05  9.80392157e-01 
 5.37790523e-05  1.05733952e+00  5.37790523e-05  9.80392157e-01 
 5.47790523e-05  1.05733952e+00  5.47790523e-05  9.80392157e-01 
 5.57790523e-05  1.05733952e+00  5.57790523e-05  9.80392157e-01 
 5.67790523e-05  1.05733952e+00  5.67790523e-05  9.80392157e-01 
 5.77790523e-05  1.05733952e+00  5.77790523e-05  9.80392157e-01 
 5.87790523e-05  1.05733952e+00  5.87790523e-05  9.80392157e-01 
 5.97790523e-05  1.05733952e+00  5.97790523e-05  9.80392157e-01 
 6.07790523e-05  1.05733952e+00  6.07790523e-05  9.80392157e-01 
 6.17790523e-05  1.05733952e+00  6.17790523e-05  9.80392157e-01 
 6.27790523e-05  1.05733952e+00  6.27790523e-05  9.80392157e-01 
 6.37790523e-05  1.05733952e+00  6.37790523e-05  9.80392157e-01 
 6.47790523e-05  1.05733952e+00  6.47790523e-05  9.80392157e-01 
 6.57790523e-05  1.05733952e+00  6.57790523e-05  9.80392157e-01 
 6.67790523e-05  1.05733952e+00  6.67790523e-05  9.80392157e-01 
 6.77790523e-05  1.05733952e+00  6.77790523e-05  9.80392157e-01 
 6.87790523e-05  1.05733952e+00  6.87790523e-05  9.80392157e-01 
 6.97790523e-05  1.05733952e+00  6.97790523e-05  9.80392157e-01 
 7.07790523e-05  1.05733952e+00  7.07790523e-05  9.80392157e-01 
 7.17790523e-05  1.05733952e+00  7.17790523e-05  9.80392157e-01 
 7.27790523e-05  1.05733952e+00  7.27790523e-05  9.80392157e-01 
 7.37790523e-05  1.05733952e+00  7.37790523e-05  9.80392157e-01 
 7.47790523e-05  1.05733952e+00  7.47790523e-05  9.80392157e-01 
 7.57790523e-05  1.05733952e+00  7.57790523e-05  9.80392157e-01 
 7.67790523e-05  1.05733952e+00  7.67790523e-05  9.80392157e-01 
 7.77790523e-05  1.05733952e+00  7.77790523e-05  9.80392157e-01 
 7.87790523e-05  1.05733952e+00  7.87790523e-05  9.80392157e-01 
 7.97790523e-05  1.05733952e+00  7.97790523e-05  9.80392157e-01 
 8.07790523e-05  1.05733952e+00  8.07790523e-05  9.80392157e-01 
 8.17790523e-05  1.05733952e+00  8.17790523e-05  9.80392157e-01 
 8.27790523e-05  1.05733952e+00  8.27790523e-05  9.80392157e-01 
 8.37790523e-05  1.05733952e+00  8.37790523e-05  9.80392157e-01 
 8.47790523e-05  1.05733952e+00  8.47790523e-05  9.80392157e-01 
 8.57790523e-05  1.05733952e+00  8.57790523e-05  9.80392157e-01 
 8.67790523e-05  1.05733952e+00  8.67790523e-05  9.80392157e-01 
 8.77790523e-05  1.05733952e+00  8.77790523e-05  9.80392157e-01 
 8.87790523e-05  1.05733952e+00  8.87790523e-05  9.80392157e-01 
 8.97790523e-05  1.05733952e+00  8.97790523e-05  9.80392157e-01 
 9.07790523e-05  1.05733952e+00  9.07790523e-05  9.80392157e-01 
 9.17790523e-05  1.05733952e+00  9.17790523e-05  9.80392157e-01 
 9.27790523e-05  1.05733952e+00  9.27790523e-05  9.80392157e-01 
 9.37790523e-05  1.05733952e+00  9.37790523e-05  9.80392157e-01 
 9.47790523e-05  1.05733952e+00  9.47790523e-05  9.80392157e-01 
 9.57790523e-05  1.05733952e+00  9.57790523e-05  9.80392157e-01 
 9.67790523e-05  1.05733952e+00  9.67790523e-05  9.80392157e-01 
 9.77790523e-05  1.05733952e+00  9.77790523e-05  9.80392157e-01 
 9.87790523e-05  1.05733952e+00  9.87790523e-05  9.80392157e-01 
 9.97790523e-05  1.05733952e+00  9.97790523e-05  9.80392157e-01 
 1.00779052e-04  1.05733952e+00  1.00779052e-04  9.80392157e-01 
 1.01779052e-04  1.05733952e+00  1.01779052e-04  9.80392157e-01 
 1.02779052e-04  1.05733952e+00  1.02779052e-04  9.80392157e-01 
 1.03779052e-04  1.05733952e+00  1.03779052e-04  9.80392157e-01 
 1.04779052e-04  1.05733952e+00  1.04779052e-04  9.80392157e-01 
 1.05779052e-04  1.05733952e+00  1.05779052e-04  9.80392157e-01 
 1.06779052e-04  1.05733952e+00  1.06779052e-04  9.80392157e-01 
 1.07779052e-04  1.05733952e+00  1.07779052e-04  9.80392157e-01 
 1.08779052e-04  1.05733952e+00  1.08779052e-04  9.80392157e-01 
 1.09779052e-04  1.05733952e+00  1.09779052e-04  9.80392157e-01 
 1.10779052e-04  1.05733952e+00  1.10779052e-04  9.80392157e-01 
 1.11779052e-04  1.05733952e+00  1.11779052e-04  9.80392157e-01 
 1.12779052e-04  1.05733952e+00  1.12779052e-04  9.80392157e-01 
 1.13779052e-04  1.05733952e+00  1.13779052e-04  9.80392157e-01 
 1.14779052e-04  1.05733952e+00  1.14779052e-04  9.80392157e-01 
 1.15779052e-04  1.05733952e+00  1.15779052e-04  9.80392157e-01 
 1.16779052e-04  1.05733952e+00  1.16779052e-04  9.80392157e-01 
 1.17779052e-04  1.05733952e+00  1.17779052e-04  9.80392157e-01 
 1.18779052e-04  1.05733952e+00  1.18779052e-04  9.80392157e-01 
 1.19779052e-04  1.05733952e+00  1.19779052e-04  9.80392157e-01 
 1.20779052e-04  1.05733952e+00  1.20779052e-04  9.80392157e-01 
 1.21779052e-04  1.05733952e+00  1.21779052e-04  9.80392157e-01 
 1.22779052e-04  1.05733952e+00  1.22779052e-04  9.80392157e-01 
 1.23779052e-04  1.05733952e+00  1.23779052e-04  9.80392157e-01 
 1.24779052e-04  1.05733952e+00  1.24779052e-04  9.80392157e-01 
 1.25779052e-04  1.05733952e+00  1.25779052e-04  9.80392157e-01 
 1.26779052e-04  1.05733952e+00  1.26779052e-04  9.80392157e-01 
 1.27779052e-04  1.05733952e+00  1.27779052e-04  9.80392157e-01 
 1.28779052e-04  1.05733952e+00  1.28779052e-04  9.80392157e-01 
 1.29779052e-04  1.05733952e+00  1.29779052e-04  9.80392157e-01 
 1.30779052e-04  1.05733952e+00  1.30779052e-04  9.80392157e-01 
 1.31779052e-04  1.05733952e+00  1.31779052e-04  9.80392157e-01 
 1.32779052e-04  1.05733952e+00  1.32779052e-04  9.80392157e-01 
 1.33779052e-04  1.05733952e+00  1.33779052e-04  9.80392157e-01 
 1.34779052e-04  1.05733952e+00  1.34779052e-04  9.80392157e-01 
 1.35779052e-04  1.05733952e+00  1.35779052e-04  9.80392157e-01 
 1.36779052e-04  1.05733952e+00  1.36779052e-04  9.80392157e-01 
 1.37779052e-04  1.05733952e+00  1.37779052e-04  9.80392157e-01 
 1.38779052e-04  1.05733952e+00  1.38779052e-04  9.80392157e-01 
 1.39779052e-04  1.05733952e+00  1.39779052e-04  9.80392157e-01 
 1.40779052e-04  1.05733952e+00  1.40779052e-04  9.80392157e-01 
 1.41779052e-04  1.05733952e+00  1.41779052e-04  9.80392157e-01 
 1.42779052e-04  1.05733952e+00  1.42779052e-04  9.80392157e-01 
 1.43779052e-04  1.05733952e+00  1.43779052e-04  9.80392157e-01 
 1.44779052e-04  1.05733952e+00  1.44779052e-04  9.80392157e-01 
 1.45779052e-04  1.05733952e+00  1.45779052e-04  9.80392157e-01 
 1.46779052e-04  1.05733952e+00  1.46779052e-04  9.80392157e-01 
 1.47779052e-04  1.05733952e+00  1.47779052e-04  9.80392157e-01 
 1.48779052e-04  1.05733952e+00  1.48779052e-04  9.80392157e-01 
 1.49779052e-04  1.05733952e+00  1.49779052e-04  9.80392157e-01 
 1.50779052e-04  1.05733952e+00  1.50779052e-04  9.80392157e-01 
 1.51779052e-04  1.05733952e+00  1.51779052e-04  9.80392157e-01 
 1.52779052e-04  1.05733952e+00  1.52779052e-04  9.80392157e-01 
 1.53779052e-04  1.05733952e+00  1.53779052e-04  9.80392157e-01 
 1.54779052e-04  1.05733952e+00  1.54779052e-04  9.80392157e-01 
 1.55779052e-04  1.05733952e+00  1.55779052e-04  9.80392157e-01 
 1.56779052e-04  1.05733952e+00  1.56779052e-04  9.80392157e-01 
 1.57779052e-04  1.05733952e+00  1.57779052e-04  9.80392157e-01 
 1.58779052e-04  1.05733952e+00  1.58779052e-04  9.80392157e-01 
 1.59779052e-04  1.05733952e+00  1.59779052e-04  9.80392157e-01 
 1.60779052e-04  1.05733952e+00  1.60779052e-04  9.80392157e-01 
 1.61779052e-04  1.05733952e+00  1.61779052e-04  9.80392157e-01 
 1.62779052e-04  1.05733952e+00  1.62779052e-04  9.80392157e-01 
 1.63779052e-04  1.05733952e+00  1.63779052e-04  9.80392157e-01 
 1.64779052e-04  1.05733952e+00  1.64779052e-04  9.80392157e-01 
 1.65779052e-04  1.05733952e+00  1.65779052e-04  9.80392157e-01 
 1.66779052e-04  1.05733952e+00  1.66779052e-04  9.80392157e-01 
 1.67779052e-04  1.05733952e+00  1.67779052e-04  9.80392157e-01 
 1.68779052e-04  1.05733952e+00  1.68779052e-04  9.80392157e-01 
 1.69779052e-04  1.05733952e+00  1.69779052e-04  9.80392157e-01 
 1.70779052e-04  1.05733952e+00  1.70779052e-04  9.80392157e-01 
 1.71779052e-04  1.05733952e+00  1.71779052e-04  9.80392157e-01 
 1.72779052e-04  1.05733952e+00  1.72779052e-04  9.80392157e-01 
 1.73779052e-04  1.05733952e+00  1.73779052e-04  9.80392157e-01 
 1.74779052e-04  1.05733952e+00  1.74779052e-04  9.80392157e-01 
 1.75779052e-04  1.05733952e+00  1.75779052e-04  9.80392157e-01 
 1.76779052e-04  1.05733952e+00  1.76779052e-04  9.80392157e-01 
 1.77779052e-04  1.05733952e+00  1.77779052e-04  9.80392157e-01 
 1.78779052e-04  1.05733952e+00  1.78779052e-04  9.80392157e-01 
 1.79779052e-04  1.05733952e+00  1.79779052e-04  9.80392157e-01 
 1.80779052e-04  1.05733952e+00  1.80779052e-04  9.80392157e-01 
 1.81779052e-04  1.05733952e+00  1.81779052e-04  9.80392157e-01 
 1.82779052e-04  1.05733952e+00  1.82779052e-04  9.80392157e-01 
 1.83779052e-04  1.05733952e+00  1.83779052e-04  9.80392157e-01 
 1.84779052e-04  1.05733952e+00  1.84779052e-04  9.80392157e-01 
 1.85779052e-04  1.05733952e+00  1.85779052e-04  9.80392157e-01 
 1.86779052e-04  1.05733952e+00  1.86779052e-04  9.80392157e-01 
 1.87779052e-04  1.05733952e+00  1.87779052e-04  9.80392157e-01 
 1.88779052e-04  1.05733952e+00  1.88779052e-04  9.80392157e-01 
 1.89779052e-04  1.05733952e+00  1.89779052e-04  9.80392157e-01 
 1.90779052e-04  1.05733952e+00  1.90779052e-04  9.80392157e-01 
 1.91779052e-04  1.05733952e+00  1.91779052e-04  9.80392157e-01 
 1.92779052e-04  1.05733952e+00  1.92779052e-04  9.80392157e-01 
 1.93779052e-04  1.05733952e+00  1.93779052e-04  9.80392157e-01 
 1.94779052e-04  1.05733952e+00  1.94779052e-04  9.80392157e-01 
 1.95779052e-04  1.05733952e+00  1.95779052e-04  9.80392157e-01 
 1.96779052e-04  1.05733952e+00  1.96779052e-04  9.80392157e-01 
 1.97779052e-04  1.05733952e+00  1.97779052e-04  9.80392157e-01 
 1.98779052e-04  1.05733952e+00  1.98779052e-04  9.80392157e-01 
 1.99779052e-04  1.05733952e+00  1.99779052e-04  9.80392157e-01 
 2.00779052e-04  1.05733952e+00  2.00779052e-04  9.80392157e-01 
 2.01000001e-04  1.05733952e+00  2.01000001e-04  9.80392157e-01 
 2.01000001e-04  1.05733952e+00  2.01000001e-04  9.80392157e-01 
 2.01000001e-04  1.05733952e+00  2.01000001e-04  9.80392157e-01 
 2.01000002e-04  1.05733952e+00  2.01000002e-04  9.80392157e-01 
 2.01000002e-04  1.05733952e+00  2.01000002e-04  9.80392157e-01 
 2.01000002e-04  1.05733952e+00  2.01000002e-04  9.80392157e-01 
 2.01000002e-04  1.05733952e+00  2.01000002e-04  9.80392157e-01 
 2.01000003e-04  1.05733952e+00  2.01000003e-04  9.80392157e-01 
 2.01000003e-04  1.05733952e+00  2.01000003e-04  9.80392157e-01 
 2.01000004e-04  1.05733952e+00  2.01000004e-04  9.80392157e-01 
 2.01000007e-04  1.05733952e+00  2.01000007e-04  9.80392157e-01 
 2.01000012e-04  1.05733952e+00  2.01000012e-04  9.80392157e-01 
 2.01000022e-04  1.05733952e+00  2.01000022e-04  9.80392157e-01 
 2.01000043e-04  1.05733952e+00  2.01000043e-04  9.80392157e-01 
 2.01000084e-04  1.05733952e+00  2.01000084e-04  9.80392157e-01 
 2.01000166e-04  1.05733952e+00  2.01000166e-04  9.80392157e-01 
 2.01000330e-04  1.05733952e+00  2.01000330e-04  9.80392157e-01 
 2.01000657e-04  1.05733952e+00  2.01000657e-04  9.80392157e-01 
 2.01001313e-04  1.05733952e+00  2.01001313e-04  9.80392157e-01 
 2.01002569e-04  1.05733952e+00  2.01002569e-04  9.80392157e-01 
 2.01004720e-04  1.05733952e+00  2.01004720e-04  9.80392157e-01 
 2.01009023e-04  1.05733952e+00  2.01009023e-04  9.80392157e-01 
 2.01017628e-04  1.05733952e+00  2.01017628e-04  9.80392157e-01 
 2.01029912e-04  1.05733952e+00  2.01029912e-04  9.80392157e-01 
 2.01051954e-04  1.05733952e+00  2.01051954e-04  9.80392157e-01 
 2.01096038e-04  1.05733952e+00  2.01096038e-04  9.80392157e-01 
 2.01177340e-04  1.05733952e+00  2.01177340e-04  9.80392157e-01 
 2.01270402e-04  1.05733952e+00  2.01270402e-04  9.80392157e-01 
 2.01367524e-04  1.05733952e+00  2.01367524e-04  9.80392157e-01 
 2.01474567e-04  1.05733952e+00  2.01474567e-04  9.80392157e-01 
 2.01589218e-04  1.05733952e+00  2.01589218e-04  9.80392157e-01 
 2.01775997e-04  1.05733952e+00  2.01775997e-04  9.80392157e-01 
 2.02073590e-04  1.05733952e+00  2.02073590e-04  9.80392157e-01 
 2.02371053e-04  1.05733952e+00  2.02371053e-04  9.80392157e-01 
 2.02965978e-04  1.05733952e+00  2.02965978e-04  9.80392157e-01 
 2.03965978e-04  1.05733952e+00  2.03965978e-04  9.80392157e-01 
 2.04965978e-04  1.05733952e+00  2.04965978e-04  9.80392157e-01 
 2.05965978e-04  1.05733952e+00  2.05965978e-04  9.80392157e-01 
 2.06965978e-04  1.05733952e+00  2.06965978e-04  9.80392157e-01 
 2.07965978e-04  1.05733952e+00  2.07965978e-04  9.80392157e-01 
 2.08965978e-04  1.05733952e+00  2.08965978e-04  9.80392157e-01 
 2.09965978e-04  1.05733952e+00  2.09965978e-04  9.80392157e-01 
 2.10965978e-04  1.05733952e+00  2.10965978e-04  9.80392157e-01 
 2.11965978e-04  1.05733952e+00  2.11965978e-04  9.80392157e-01 
 2.12965978e-04  1.05733952e+00  2.12965978e-04  9.80392157e-01 
 2.13965978e-04  1.05733952e+00  2.13965978e-04  9.80392157e-01 
 2.14965978e-04  1.05733952e+00  2.14965978e-04  9.80392157e-01 
 2.15965978e-04  1.05733952e+00  2.15965978e-04  9.80392157e-01 
 2.16965978e-04  1.05733952e+00  2.16965978e-04  9.80392157e-01 
 2.17965978e-04  1.05733952e+00  2.17965978e-04  9.80392157e-01 
 2.18965978e-04  1.05733952e+00  2.18965978e-04  9.80392157e-01 
 2.19965978e-04  1.05733952e+00  2.19965978e-04  9.80392157e-01 
 2.20965978e-04  1.05733952e+00  2.20965978e-04  9.80392157e-01 
 2.21965978e-04  1.05733952e+00  2.21965978e-04  9.80392157e-01 
 2.22965978e-04  1.05733952e+00  2.22965978e-04  9.80392157e-01 
 2.23965978e-04  1.05733952e+00  2.23965978e-04  9.80392157e-01 
 2.24965978e-04  1.05733952e+00  2.24965978e-04  9.80392157e-01 
 2.25965978e-04  1.05733952e+00  2.25965978e-04  9.80392157e-01 
 2.26965978e-04  1.05733952e+00  2.26965978e-04  9.80392157e-01 
 2.27965978e-04  1.05733952e+00  2.27965978e-04  9.80392157e-01 
 2.28965978e-04  1.05733952e+00  2.28965978e-04  9.80392157e-01 
 2.29965978e-04  1.05733952e+00  2.29965978e-04  9.80392157e-01 
 2.30965978e-04  1.05733952e+00  2.30965978e-04  9.80392157e-01 
 2.31965978e-04  1.05733952e+00  2.31965978e-04  9.80392157e-01 
 2.32965978e-04  1.05733952e+00  2.32965978e-04  9.80392157e-01 
 2.33965978e-04  1.05733952e+00  2.33965978e-04  9.80392157e-01 
 2.34965978e-04  1.05733952e+00  2.34965978e-04  9.80392157e-01 
 2.35965978e-04  1.05733952e+00  2.35965978e-04  9.80392157e-01 
 2.36965978e-04  1.05733952e+00  2.36965978e-04  9.80392157e-01 
 2.37965978e-04  1.05733952e+00  2.37965978e-04  9.80392157e-01 
 2.38965978e-04  1.05733952e+00  2.38965978e-04  9.80392157e-01 
 2.39965978e-04  1.05733952e+00  2.39965978e-04  9.80392157e-01 
 2.40965978e-04  1.05733952e+00  2.40965978e-04  9.80392157e-01 
 2.41965978e-04  1.05733952e+00  2.41965978e-04  9.80392157e-01 
 2.42965978e-04  1.05733952e+00  2.42965978e-04  9.80392157e-01 
 2.43965978e-04  1.05733952e+00  2.43965978e-04  9.80392157e-01 
 2.44965978e-04  1.05733952e+00  2.44965978e-04  9.80392157e-01 
 2.45965978e-04  1.05733952e+00  2.45965978e-04  9.80392157e-01 
 2.46965978e-04  1.05733952e+00  2.46965978e-04  9.80392157e-01 
 2.47965978e-04  1.05733952e+00  2.47965978e-04  9.80392157e-01 
 2.48965978e-04  1.05733952e+00  2.48965978e-04  9.80392157e-01 
 2.49965978e-04  1.05733952e+00  2.49965978e-04  9.80392157e-01 
 2.50965978e-04  1.05733952e+00  2.50965978e-04  9.80392157e-01 
 2.51965978e-04  1.05733952e+00  2.51965978e-04  9.80392157e-01 
 2.52965978e-04  1.05733952e+00  2.52965978e-04  9.80392157e-01 
 2.53965978e-04  1.05733952e+00  2.53965978e-04  9.80392157e-01 
 2.54965978e-04  1.05733952e+00  2.54965978e-04  9.80392157e-01 
 2.55965978e-04  1.05733952e+00  2.55965978e-04  9.80392157e-01 
 2.56965978e-04  1.05733952e+00  2.56965978e-04  9.80392157e-01 
 2.57965978e-04  1.05733952e+00  2.57965978e-04  9.80392157e-01 
 2.58965978e-04  1.05733952e+00  2.58965978e-04  9.80392157e-01 
 2.59965978e-04  1.05733952e+00  2.59965978e-04  9.80392157e-01 
 2.60965978e-04  1.05733952e+00  2.60965978e-04  9.80392157e-01 
 2.61965978e-04  1.05733952e+00  2.61965978e-04  9.80392157e-01 
 2.62965978e-04  1.05733952e+00  2.62965978e-04  9.80392157e-01 
 2.63965978e-04  1.05733952e+00  2.63965978e-04  9.80392157e-01 
 2.64965978e-04  1.05733952e+00  2.64965978e-04  9.80392157e-01 
 2.65965978e-04  1.05733952e+00  2.65965978e-04  9.80392157e-01 
 2.66965978e-04  1.05733952e+00  2.66965978e-04  9.80392157e-01 
 2.67965978e-04  1.05733952e+00  2.67965978e-04  9.80392157e-01 
 2.68965978e-04  1.05733952e+00  2.68965978e-04  9.80392157e-01 
 2.69965978e-04  1.05733952e+00  2.69965978e-04  9.80392157e-01 
 2.70965978e-04  1.05733952e+00  2.70965978e-04  9.80392157e-01 
 2.71965978e-04  1.05733952e+00  2.71965978e-04  9.80392157e-01 
 2.72965978e-04  1.05733952e+00  2.72965978e-04  9.80392157e-01 
 2.73965978e-04  1.05733952e+00  2.73965978e-04  9.80392157e-01 
 2.74965978e-04  1.05733952e+00  2.74965978e-04  9.80392157e-01 
 2.75965978e-04  1.05733952e+00  2.75965978e-04  9.80392157e-01 
 2.76965978e-04  1.05733952e+00  2.76965978e-04  9.80392157e-01 
 2.77965978e-04  1.05733952e+00  2.77965978e-04  9.80392157e-01 
 2.78965978e-04  1.05733952e+00  2.78965978e-04  9.80392157e-01 
 2.79965978e-04  1.05733952e+00  2.79965978e-04  9.80392157e-01 
 2.80965978e-04  1.05733952e+00  2.80965978e-04  9.80392157e-01 
 2.81965978e-04  1.05733952e+00  2.81965978e-04  9.80392157e-01 
 2.82965978e-04  1.05733952e+00  2.82965978e-04  9.80392157e-01 
 2.83965978e-04  1.05733952e+00  2.83965978e-04  9.80392157e-01 
 2.84965978e-04  1.05733952e+00  2.84965978e-04  9.80392157e-01 
 2.85965978e-04  1.05733952e+00  2.85965978e-04  9.80392157e-01 
 2.86965978e-04  1.05733952e+00  2.86965978e-04  9.80392157e-01 
 2.87965978e-04  1.05733952e+00  2.87965978e-04  9.80392157e-01 
 2.88965978e-04  1.05733952e+00  2.88965978e-04  9.80392157e-01 
 2.89965978e-04  1.05733952e+00  2.89965978e-04  9.80392157e-01 
 2.90965978e-04  1.05733952e+00  2.90965978e-04  9.80392157e-01 
 2.91965978e-04  1.05733952e+00  2.91965978e-04  9.80392157e-01 
 2.92965978e-04  1.05733952e+00  2.92965978e-04  9.80392157e-01 
 2.93965978e-04  1.05733952e+00  2.93965978e-04  9.80392157e-01 
 2.94965978e-04  1.05733952e+00  2.94965978e-04  9.80392157e-01 
 2.95965978e-04  1.05733952e+00  2.95965978e-04  9.80392157e-01 
 2.96965978e-04  1.05733952e+00  2.96965978e-04  9.80392157e-01 
 2.97965978e-04  1.05733952e+00  2.97965978e-04  9.80392157e-01 
 2.98965978e-04  1.05733952e+00  2.98965978e-04  9.80392157e-01 
 2.99965978e-04  1.05733952e+00  2.99965978e-04  9.80392157e-01 
 3.00965978e-04  1.05733952e+00  3.00965978e-04  9.80392157e-01 
 3.01965978e-04  1.05733952e+00  3.01965978e-04  9.80392157e-01 
 3.02965978e-04  1.05733952e+00  3.02965978e-04  9.80392157e-01 
 3.03965978e-04  1.05733952e+00  3.03965978e-04  9.80392157e-01 
 3.04965978e-04  1.05733952e+00  3.04965978e-04  9.80392157e-01 
 3.05965978e-04  1.05733952e+00  3.05965978e-04  9.80392157e-01 
 3.06965978e-04  1.05733952e+00  3.06965978e-04  9.80392157e-01 
 3.07965978e-04  1.05733952e+00  3.07965978e-04  9.80392157e-01 
 3.08965978e-04  1.05733952e+00  3.08965978e-04  9.80392157e-01 
 3.09965978e-04  1.05733952e+00  3.09965978e-04  9.80392157e-01 
 3.10965978e-04  1.05733952e+00  3.10965978e-04  9.80392157e-01 
 3.11965978e-04  1.05733952e+00  3.11965978e-04  9.80392157e-01 
 3.12965978e-04  1.05733952e+00  3.12965978e-04  9.80392157e-01 
 3.13965978e-04  1.05733952e+00  3.13965978e-04  9.80392157e-01 
 3.14965978e-04  1.05733952e+00  3.14965978e-04  9.80392157e-01 
 3.15965978e-04  1.05733952e+00  3.15965978e-04  9.80392157e-01 
 3.16965978e-04  1.05733952e+00  3.16965978e-04  9.80392157e-01 
 3.17965978e-04  1.05733952e+00  3.17965978e-04  9.80392157e-01 
 3.18965978e-04  1.05733952e+00  3.18965978e-04  9.80392157e-01 
 3.19965978e-04  1.05733952e+00  3.19965978e-04  9.80392157e-01 
 3.20965978e-04  1.05733952e+00  3.20965978e-04  9.80392157e-01 
 3.21965978e-04  1.05733952e+00  3.21965978e-04  9.80392157e-01 
 3.22965978e-04  1.05733952e+00  3.22965978e-04  9.80392157e-01 
 3.23965978e-04  1.05733952e+00  3.23965978e-04  9.80392157e-01 
 3.24965978e-04  1.05733952e+00  3.24965978e-04  9.80392157e-01 
 3.25965978e-04  1.05733952e+00  3.25965978e-04  9.80392157e-01 
 3.26965978e-04  1.05733952e+00  3.26965978e-04  9.80392157e-01 
 3.27965978e-04  1.05733952e+00  3.27965978e-04  9.80392157e-01 
 3.28965978e-04  1.05733952e+00  3.28965978e-04  9.80392157e-01 
 3.29965978e-04  1.05733952e+00  3.29965978e-04  9.80392157e-01 
 3.30965978e-04  1.05733952e+00  3.30965978e-04  9.80392157e-01 
 3.31965978e-04  1.05733952e+00  3.31965978e-04  9.80392157e-01 
 3.32965978e-04  1.05733952e+00  3.32965978e-04  9.80392157e-01 
 3.33965978e-04  1.05733952e+00  3.33965978e-04  9.80392157e-01 
 3.34965978e-04  1.05733952e+00  3.34965978e-04  9.80392157e-01 
 3.35965978e-04  1.05733952e+00  3.35965978e-04  9.80392157e-01 
 3.36965978e-04  1.05733952e+00  3.36965978e-04  9.80392157e-01 
 3.37965978e-04  1.05733952e+00  3.37965978e-04  9.80392157e-01 
 3.38965978e-04  1.05733952e+00  3.38965978e-04  9.80392157e-01 
 3.39965978e-04  1.05733952e+00  3.39965978e-04  9.80392157e-01 
 3.40965978e-04  1.05733952e+00  3.40965978e-04  9.80392157e-01 
 3.41965978e-04  1.05733952e+00  3.41965978e-04  9.80392157e-01 
 3.42965978e-04  1.05733952e+00  3.42965978e-04  9.80392157e-01 
 3.43965978e-04  1.05733952e+00  3.43965978e-04  9.80392157e-01 
 3.44965978e-04  1.05733952e+00  3.44965978e-04  9.80392157e-01 
 3.45965978e-04  1.05733952e+00  3.45965978e-04  9.80392157e-01 
 3.46965978e-04  1.05733952e+00  3.46965978e-04  9.80392157e-01 
 3.47965978e-04  1.05733952e+00  3.47965978e-04  9.80392157e-01 
 3.48965978e-04  1.05733952e+00  3.48965978e-04  9.80392157e-01 
 3.49965978e-04  1.05733952e+00  3.49965978e-04  9.80392157e-01 
 3.50965978e-04  1.05733952e+00  3.50965978e-04  9.80392157e-01 
 3.51965978e-04  1.05733952e+00  3.51965978e-04  9.80392157e-01 
 3.52965978e-04  1.05733952e+00  3.52965978e-04  9.80392157e-01 
 3.53965978e-04  1.05733952e+00  3.53965978e-04  9.80392157e-01 
 3.54965978e-04  1.05733952e+00  3.54965978e-04  9.80392157e-01 
 3.55965978e-04  1.05733952e+00  3.55965978e-04  9.80392157e-01 
 3.56965978e-04  1.05733952e+00  3.56965978e-04  9.80392157e-01 
 3.57965978e-04  1.05733952e+00  3.57965978e-04  9.80392157e-01 
 3.58965978e-04  1.05733952e+00  3.58965978e-04  9.80392157e-01 
 3.59965978e-04  1.05733952e+00  3.59965978e-04  9.80392157e-01 
 3.60965978e-04  1.05733952e+00  3.60965978e-04  9.80392157e-01 
 3.61965978e-04  1.05733952e+00  3.61965978e-04  9.80392157e-01 
 3.62965978e-04  1.05733952e+00  3.62965978e-04  9.80392157e-01 
 3.63965978e-04  1.05733952e+00  3.63965978e-04  9.80392157e-01 
 3.64965978e-04  1.05733952e+00  3.64965978e-04  9.80392157e-01 
 3.65965978e-04  1.05733952e+00  3.65965978e-04  9.80392157e-01 
 3.66965978e-04  1.05733952e+00  3.66965978e-04  9.80392157e-01 
 3.67965978e-04  1.05733952e+00  3.67965978e-04  9.80392157e-01 
 3.68965978e-04  1.05733952e+00  3.68965978e-04  9.80392157e-01 
 3.69965978e-04  1.05733952e+00  3.69965978e-04  9.80392157e-01 
 3.70965978e-04  1.05733952e+00  3.70965978e-04  9.80392157e-01 
 3.71965978e-04  1.05733952e+00  3.71965978e-04  9.80392157e-01 
 3.72965978e-04  1.05733952e+00  3.72965978e-04  9.80392157e-01 
 3.73965978e-04  1.05733952e+00  3.73965978e-04  9.80392157e-01 
 3.74965978e-04  1.05733952e+00  3.74965978e-04  9.80392157e-01 
 3.75965978e-04  1.05733952e+00  3.75965978e-04  9.80392157e-01 
 3.76965978e-04  1.05733952e+00  3.76965978e-04  9.80392157e-01 
 3.77965978e-04  1.05733952e+00  3.77965978e-04  9.80392157e-01 
 3.78965978e-04  1.05733952e+00  3.78965978e-04  9.80392157e-01 
 3.79965978e-04  1.05733952e+00  3.79965978e-04  9.80392157e-01 
 3.80965978e-04  1.05733952e+00  3.80965978e-04  9.80392157e-01 
 3.81965978e-04  1.05733952e+00  3.81965978e-04  9.80392157e-01 
 3.82965978e-04  1.05733952e+00  3.82965978e-04  9.80392157e-01 
 3.83965978e-04  1.05733952e+00  3.83965978e-04  9.80392157e-01 
 3.84965978e-04  1.05733952e+00  3.84965978e-04  9.80392157e-01 
 3.85965978e-04  1.05733952e+00  3.85965978e-04  9.80392157e-01 
 3.86965978e-04  1.05733952e+00  3.86965978e-04  9.80392157e-01 
 3.87965978e-04  1.05733952e+00  3.87965978e-04  9.80392157e-01 
 3.88965978e-04  1.05733952e+00  3.88965978e-04  9.80392157e-01 
 3.89965978e-04  1.05733952e+00  3.89965978e-04  9.80392157e-01 
 3.90965978e-04  1.05733952e+00  3.90965978e-04  9.80392157e-01 
 3.91965978e-04  1.05733952e+00  3.91965978e-04  9.80392157e-01 
 3.92965978e-04  1.05733952e+00  3.92965978e-04  9.80392157e-01 
 3.93965978e-04  1.05733952e+00  3.93965978e-04  9.80392157e-01 
 3.94965978e-04  1.05733952e+00  3.94965978e-04  9.80392157e-01 
 3.95965978e-04  1.05733952e+00  3.95965978e-04  9.80392157e-01 
 3.96965978e-04  1.05733952e+00  3.96965978e-04  9.80392157e-01 
 3.97965978e-04  1.05733952e+00  3.97965978e-04  9.80392157e-01 
 3.98965978e-04  1.05733952e+00  3.98965978e-04  9.80392157e-01 
 3.99965978e-04  1.05733952e+00  3.99965978e-04  9.80392157e-01 
 4.00965978e-04  1.05733952e+00  4.00965978e-04  9.80392157e-01 
 4.01000000e-04  1.05733952e+00  4.01000000e-04  9.80392157e-01 
